9,6,6,2
-68.62340679266805,-4.4171006805807131,32.394255519154719,10.959138298048323,-15.286210593637923,-20.234693260030348
62.461730235215427,5.1389880895252604,-40.087462745353811,-11.668276323995988,19.4524331755382,35.606516405979221
50.300919942308383,-3.9285568377994702,-44.559558460830928,13.504045831058679,35.253017928052081,0.085614006121643535
-2.0910957185189383,-15.154666266479854,-11.815850630544,-11.458796431844068,-33.875981870105718,-7.3448194163807283
10.638714903264681,16.310319483795979,18.899919201056104,10.44318320752128,37.818805246095323,11.522867777091076
1.2316038366922415,-2.0135580882901007,33.158483253560846,-3.7762929607802809,0.96547259254273121,2.6302260446364158
-0.49232033777943407,0.65795268169236198,35.322001056615072,-2.0871798841126181,1.0655351527881658,91.633337200612829
-3.9134848792946872,-3.1721770603663328,13.593289632522083,7.2892851115283364,-1.5699008483257926,4.0932527562093801
-46.317974657478601,-26.025917848988861,6.0306420775143872,10.16074764134617,-44.950902888563135,-52.164643802278384
4.6073588443746036,4.1159406055172738
24.244265312204885,26.241528941174497
-0.97820754600617488,-0.26652245023224713
11.509257982109416,11.038606484108403
-4.2776419244379387,-4.5212684515247403
2.8812204325409789,2.2894586800319856
