11,5,5,1
-9.0661930970277744,-3.5629702706458128,-12.319967211824416,5.0709033626282194,-4.2871651019561545
9.4768100411125751,1.4108381332859288,-3.4309693639527605,-3.9444826751488979,16.641216733665352
-0.10781977289986133,-3.6317983581126447,-7.4531531719362887,5.4152527563648638,2.5392359606392629
-0.30997128791428247,4.9528781262070583,0.85861044791033103,-0.75718788915792823,0.10679909195040918
-5.5518904840481413,2.2317973692682767,-4.6130789115236128,4.8607033939671238,-8.7481490441460288
0.79023905096993674,-0.27507647581945188,0.3320572773869469,-0.11721368735660141,-1.2889039689503152
4.0430969586746652,0.62296767269520781,-0.57482577054327544,-1.9452597119908399,3.0797339880348602
-6.925097400795587,-0.20436006045512994,-1.9984378343422022,-4.289888585267307,0.27214179652706766
2.4017590640259887,-5.5965855642110993,8.002723229395432,-8.686449392872138,-0.96059225618198996
9.2771583292209989,-2.3628829135794729,-4.1878166052102657,8.8670657148696694,4.4321843717368221
4.569678510772575,-6.9581177347649339,4.7030410866373238,10.405482553572131,-9.4173052761939147
-0.83023015822322277
0.087349736005835302
-0.76022427522475478
-0.75893016275112346
0.80913751701532544
