11,6,6,1
1.3145028292352097,-0.86319675340238933,-2.1577958780545159,0.5095892009187466,10.255376780377777,4.6311267500512878
-4.3629053075502622,-10.45787710692399,-7.2552513418664253,12.0639854565073,-1.8820000682325149,-12.37181637461201
4.8903158309612458,7.371211577911736,9.2643015226327599,-6.0753324648637914,10.869530910253809,11.419033932804322
-2.7984839691863885,-1.3093675479035591,2.7315378767050151,3.1613085231910794,1.2491985184070884,-1.1570401095360854
5.2639567019131306,6.152297889828124,1.4612092880443681,-9.3001169844061806,5.3031828013273836,8.2711137893882345
-1.011116907489934,0.82609955754065434,0.8345849531723849,0.69401687275298052,-0.14332983114810627,0.12297042267901821
4.8138415796066925,4.7547194118201981,2.7471089391543466,2.3890217490457246,0.32748537337283967,7.2968426760926057
2.246465581796246,6.3984593544156274,-3.0512079574086575,10.43294085491857,-4.4527122414022182,4.9851250052036358
0.16596686921489837,-4.210490939853746,-8.3578571656484506,12.139056468302911,-12.570056168290575,-5.8796512458935837
3.2202113377085597,9.5095091926016106,14.028082118444662,-16.800935993556756,10.494167305780742,6.779288247937485
-20.517808053914983,16.257493252890544,5.381748489042895,-16.469299731685759,-9.6772681305101642,-12.461555088558978
1.1045479934991569
0.28622378334094201
-0.22397804510326244
0.54157515821591595
0.66035016649980893
-0.85367440446348519
