11,5,5,1
15.638371054571754,0.072715813310501962,-10.520031963570865,17.920379165398717,7.9630271557856469
1.8684004400798513,6.9930948984852126,7.3788451167267697,-15.48830380217035,36.285132937753836
18.934010957667763,4.2661428559104024,-19.519607897737515,-0.69094560582233477,13.175473557492007
-0.059754931564992488,6.8966427296902557,10.399254036253765,-0.8591956331220042,1.2159719622483844
6.6738144891980387,1.8256284429077099,-2.0681029301658005,11.991908073966163,-9.4476719662717041
-0.73056683785525312,1.3124910788612185,3.2700912924445915,-1.4966907346514486,-0.65146882697675446
2.0702908760877556,-1.4197980870369611,-4.2440471567729299,-5.2114545617505854,6.1930748581581581
-3.2537144358043002,-11.552510317513201,4.3171580623697423,12.920220382361931,10.509802338533035
21.6553103572342,2.7923489669187247,-26.120221424144791,-6.3479639661719744,-4.8154627246571655
5.2337094781452089,8.8603207560994459,-7.4344183569013964,-12.04116996998045,3.7930309902842878
-16.549785495098313,1.8246423217373362,-14.916565312625318,-5.9281430394487353,-15.548296830336044
0.93184349514850273
-0.2577050318279846
0.79562764676823927
0.90414072231366172
1.1423860966860702
