11,4,4,1
-10.981156793219167,5.4191762775945973,10.921533863491797,2.3090772882051551
13.172264894866551,3.544192829442272,-8.4779942317993502,-13.980722901203904
-18.51954758506983,6.3384418589698761,15.450159382598553,-1.2738479567424794
6.0232835133830287,-0.74156995195186881,0.52637082054184148,-4.8328081718398241
-14.102673935792035,2.4189866843090786,12.2826598214301,14.449875160150183
1.8647226464476729,0.27043025600411325,-0.3186912408319672,-3.4439593555916375
-9.949846540315594,0.082525525264816282,7.5867331851374677,-2.584868881724538
-13.246486904605337,4.6744171422454563,15.11667816699898,-0.29785983941789401
10.322577649776656,-2.1138851803453225,-5.7188371645719238,0.87137057726508449
-9.0851968692197342,-1.6715650109150275,8.2973247942460713,-5.0582334844961334
16.128368805731572,-7.8669350153411921,22.236503619748472,-0.5752588697809411
0.66981401297402543
1.3546482114231753
0.54935029609193509
0.20556976094423729
