9,9,9,2
-68.62340679266805,-4.4171006805807131,12.476745252938001,10.959136633117957,-15.286210307727989,-19.911983657781544,-8.4736174195683862,21.47030264317717,19.450238662664951
62.461730235215427,5.1389880895252604,-17.658103344805838,-11.668274754810493,19.452432896867233,36.433339759578466,3.3903866059925898,-9.7581063722768011,-16.174320282060947
50.300919942308383,-3.9285568377994702,-70.304145902855481,13.504043798102925,35.253010507102296,3.7371466278869532,-23.163844511774165,3.4746217745866903,-24.584567018670068
-2.0910957185189383,-15.154666266479854,-0.6241874983701563,-11.458796431844068,-33.875981870105718,-8.3130482633502663,18.798302065682478,-3.6456949679294239,-17.847710474524323
10.638714903264681,16.310319483795979,12.509580075507547,10.44318320752128,37.818805246095323,12.386244166684735,-9.3570865047558627,-19.786880237227351,17.015703386875785
1.2316038366922415,-2.0135580882901007,22.063229301856801,-3.776296552108938,0.96548152750519867,-0.21695898590498042,4.5417497410465728,0.66936623278641294,0.71694323557914608
-0.49232033777943407,0.65795268169236198,48.107732971529394,-2.087189795026954,1.0655192985219482,93.131711476303053,40.633653895374103,45.30650108750077,14.95744902431365
-3.9134848792946872,-3.1721770603663328,28.628850242087999,7.2892890886428745,-1.5699152551768241,0.80546887151831326,2.7155533587352436,-1.3674442988171824,-11.176720270273702
-46.317974657478601,-26.025917848988861,-22.322776751576043,10.160744569135822,-44.950907007815815,-52.126704188823318,7.3364911698697668,7.6682145645666946,-12.621517018452389
5.8294900077286407,5.0584370467532649
25.449786417733062,27.650239661518217
0.82745291164744317,1.3736530229329391
12.485723272259589,11.231664728110946
-5.2314660454456403,-3.6492841506802143
2.0896628852057657,1.0647463035386449
-0.6050527223495632,-1.6799809581637972
2.0338527743381523,2.408478049975967
-1.404746623032149,-0.90499714165798195
