9,9,9,2
-68.62340679266805,-4.4171006805807131,7.582726885695048,10.959133884432612,-15.286210309840037,-19.895719893916315,-7.8296969338682176,7.9410350360138287,16.465565580175085
62.461730235215427,5.1389880895252604,-18.194912675234427,-11.668271395268377,19.452432898925561,36.415487853753795,2.842877652904511,-2.4022901041891953,-13.93362072058599
50.300919942308383,-3.9285568377994702,-58.891504322661831,13.504046521533894,35.253008484781112,3.7370008012818037,-24.935207355146979,3.0675807241844124,-22.224150288042971
-2.0910957185189383,-15.154666266479854,15.05031136095351,-11.458796431844068,-33.875981870105718,-8.3130476801343072,18.81536557527226,2.297437962070676,-7.3069597522183596
10.638714903264681,16.310319483795979,0.43405038531364393,10.44318320752128,37.818805246095323,12.386243636174328,-9.3777817769388108,-15.374992918576437,4.652384927603948
1.2316038366922415,-2.0135580882901007,30.777802148414658,-3.7762983453734829,0.96548496717374421,-0.21330009108409834,5.0546105822826295,2.5209666527914125,-4.4957401424764658
-0.49232033777943407,0.65795268169236198,45.46270713294971,-2.0871899698127176,1.0655213570842643,93.155404111142161,38.567162811390922,37.102098014130021,17.049915361610388
-3.9134848792946872,-3.1721770603663328,40.674890021254619,7.289292073937335,-1.569916097051822,0.79237231173057299,2.1698412682263193,-0.78757915178813553,-9.2174950446649824
-46.317974657478601,-26.025917848988861,4.1625426458797365,10.160742233269106,-44.950908222512503,-52.105703634469883,6.9420942094580997,5.9431106945605814,-1.0695617037441234
3.4027994483558603,4.7873547761668558
24.198342866047984,25.95104304771538
0.84548580819267849,1.4351691047899358
11.429446256722784,10.765137827148815
-4.2886333244110313,-4.0913068506909456
3.3631154699141259,2.4462899724606579
-1.1106599976340423,-0.5258104333769531
1.1377544911073016,0.082783406486278854
-0.27206119911663196,-0.35418691884175529
