856,3
-0.0026485793974038606,-0.0040284930398279154,-0.0021026948189997604
-0.0010365457035826507,-0.0011256323907575226,-0.00014121219338567704
0.0018479230052025194,-0.00039211099712684825,-0.00075969616003096149
5.5910419344406625e-20,2.8868626086165744e-20,-1.661400783867556e-20
-0.0024277920914549237,-0.0011265195733958342,-0.0031347803292572523
-9.6356616362705256e-05,0.00073146258436333333,-0.0033391257815628644
-0.037284060320318682,-0.044779629405822481,-0.040987292767533073
3.8197655449670115e-20,1.9722868214391873e-20,-1.1350588217733838e-20
-0.0030756255907521514,-0.0043033560015820196,2.1380473712401996e-06
-6.2879347805024302e-05,-2.5874927154191803e-05,-4.0468682759153928e-05
-0.0038202807250972736,-0.0023244103056480714,-0.0034894101057945642
0.056085819476023799,-0.01503045627688678,-0.025736272508411415
0.016167073434206314,-0.005620282726232508,-0.0070025546594973667
-0.0013874957818110669,0.0013731073239253873,-0.0027945657643591295
-0.00061919775806371211,0.0024715889992436017,-0.0018482130952670573
-0.0024292518158870241,-0.0034761897589368636,-4.4768859225446349e-05
0.00028401645591659598,0.00076670610309206941,-0.0012903920006252208
4.2745884713020825e-05,0.0025529364594922901,-0.0021992693816289205
-0.00030297009801694461,0.0079245873921109395,-0.0075727716089009573
-0.0019470801993197251,0.0077073261654054285,-0.005825477396960971
-0.00076667826924824015,-0.0041228233861712133,-0.0042750571430675583
0.0023289973833547405,0.0020657653959712794,-0.0043313030679475572
-5.3244449976745759e-20,-2.7492087083466334e-20,1.5821804229740493e-20
-0.0019532259775550008,0.0013482736139199631,-0.0015686547935027469
-0.0022241281705840787,-0.0097635059591883525,-0.0023920662566838148
-0.0018399218198420285,0.00062343127242153078,-0.0024355677554762792
-0.0091175883300555292,-0.015666478727093303,-0.0026637472046495579
0.0083964924608691312,-0.0016992751379561917,-0.0032532405861674424
-0.00054188343659998495,-0.00026919711680878339,-0.0027460932020101389
-0.0050041837684809635,-0.0053745643610774432,-0.012956361171177782
-0.0014576433767715146,-0.0013064422327366402,0.00019748879230157247
-6.0209863352533524e-20,-3.1088588714111957e-20,1.7891605061019621e-20
-0.0025671330870227498,-0.0025305722686406085,-0.0050349158973141779
-0.0022051687174424101,-0.0019985771453014736,0.00035160231140922286
2.2856026223346906e-20,1.1801415238907078e-20,-6.7917608790927286e-21
-0.00044137606378194375,0.0029075723177326412,-0.002125273871570482
-0.0021416867588227155,-0.0028712464105242843,-0.00050144340626569249
-0.0013693923073395636,-0.0020017997787485178,-0.004249391696858288
-0.0044431657141557213,0.0032212059381672652,-0.0063235250274313428
-0.0063544866346927457,0.012274182805035441,-0.020214536526042878
-0.0013693923073395636,-0.0020017997787485178,-0.004249391696858288
1.8759328816481349e-19,9.6861382115059925e-20,-5.5744106315131624e-20
-0.00060733788561422367,-0.0019746321268991011,-0.00074658129123903285
-0.00037874719950431072,-0.00051294764641151701,2.9377294895674686e-05
8.0402028514139818e-20,4.1514553547492156e-20,-2.3891788822927383e-20
0.00067259346944480473,0.0018516375102159237,-0.0026185663127769828
-0.00038533818832854058,0.0032837793877255163,-0.0027029683072852867
-0.0042602599315894286,0.0032072803236296915,-0.0063949617682599446
-0.00075132347774960195,0.0024316016417685674,-0.0021589355035945661
-0.0011267976854739813,-0.0058906219792726451,-0.0011343762387478514
0.0025097333753091085,-0.001115793027545257,-0.0010643398811162603
-8.2327859245224247e-05,0.0034197740975975412,-0.0028389697670580111
-0.00019297934612184304,0.009567215257039156,-0.008371384362906029
-0.00061576514459137717,0.0021955430178619032,-0.0020954995583260558
-0.0024348334998632684,0.025074667041478094,-0.020956299701850981
-0.00066369088978679804,0.0024354419815846707,-0.0018500827256667481
8.6083924623298209e-20,4.4448327539995149e-20,-2.5580187293073484e-20
-0.0030553367066951478,0.0017112131641151521,-0.0050867349984694433
-0.00044857453758814162,0.001280956228824061,-0.0010383172298080771
-0.0030344382630712961,-0.0004282850761348077,-0.0035597792230063568
-1.8439141336422796e-20,-9.520813523734011e-21,5.4792656234340531e-21
-0.00010781685293882664,-0.00024898685424188603,-2.5327465763435758e-05
-0.019770076192757672,-0.0198172786236421,-0.031344680643999777
-0.0014702297511031146,-0.0011749178422054316,-0.0013831572117904952
-1.4700271569175704e-19,-7.5902961965230159e-20,4.3682453099937472e-20
-1.1995587563543421e-19,-6.1937673892230746e-20,3.5645374895526063e-20
-0.00052227044578039732,-0.00026990468007535346,-0.0026941176386721089
-0.01750975917431653,-0.0091313896114557924,-0.021634158771977899
-0.0077002137994354077,-0.01146270839057145,-0.012227055602096255
-0.0077206178476162098,-0.012044147827775412,-0.00079123847631075211
-0.0074969983662527178,0.077438103705893352,-0.15564669265292264
-0.001019045512917938,-0.0015975124099082505,-0.001728279773356234
-0.046994732855245698,-0.05432883503582444,-0.015347070211602988
-0.0013052262221440296,0.0018844801781318632,-0.0017696715665340942
-0.011294661712268715,-0.00018319149971451372,-0.013117288063137899
-0.059298127596975239,-0.065961967364094432,-0.012256879193384229
-0.033719436629023491,-0.038666760447698109,-0.022549585483086922
0.0012135454491977772,0.00194446528748414,-0.0039877634484971084
0.00067259346944480473,0.0018516375102159237,-0.0026185663127769828
-0.0015787153686681163,0.0034774838315797239,-0.0049246786250189889
-0.0027299763644882146,-0.0047772367257425648,-0.00047972212490341668
5.8436704986409227e-20,3.0173041192269464e-20,-1.7364703861890926e-20
-0.0020038966821675774,-0.0065492794436872673,-0.0012454368584754098
-0.0017107814260530771,0.0040932756703234785,-0.0050335635679688356
-0.0048860357892072295,-0.00021533269785339518,-0.005139450193823455
2.3965260491904827e-20,1.2374154088950107e-20,-7.1213743400138125e-21
0.01120023043241803,0.00027996124926450841,-0.0038199034538716429
-0.0012073317431747542,0.0066136158901084199,-0.0056909333543537881
3.9349152670225981e-20,2.03174289968691e-20,-1.1692760286342197e-20
1.6456808684405135e-20,8.4972615497979446e-21,-4.8902074371267877e-21
-0.0025002860806484974,-0.00345143603830099,-0.0014119525317054234
-0.0045820461256086027,-0.0047399351965592418,-0.001242171956734937
-8.3010793877580255e-20,-4.2861555996942292e-20,2.4666994029802342e-20
5.5138079818164117e-20,2.8469838503201519e-20,-1.6384504016432163e-20
-0.0021416867588227155,-0.0028712464105242843,-0.00050144340626569249
-0.0079205486348245969,0.0015380455433630677,-0.0070304312071751765
-1.9125161876429617e-19,-9.875031407863176e-20,5.6831194088265086e-20
-1.0581706917291079e-19,-5.4637282984495428e-20,3.1443971218991511e-20
-0.0013376010203343222,0.0021797025466206679,-0.0019283854962454348
-1.2188551409194308e-19,-6.2934017898212921e-20,3.6218774788376356e-20
-0.0029463091088894533,-0.0050923045798368805,-0.00048175398844597694
-0.014905631964063616,-0.018463319722795416,-7.5155253111869308e-05
-0.00044137606378194354,0.0029075723177326407,-0.0021252738715704829
-0.0047785936275940976,-0.0080257118797752176,-0.00038415416696769075
-0.0068641798315893414,0.0053149668039683727,-0.01306969574955727
0.010642411445491542,-0.0015785017178263187,-0.0039476110594908412
-0.021556601605988868,-0.023901023298645532,0.0016705758013070601
-0.005212171003155271,-0.0053730748188376724,-0.0027221621737412772
-0.00021529999217912021,0.0015448047327800815,-0.0013397128974769602
-0.0004182993192322793,0.0027554053900797158,-0.0021024832329489969
-0.0094127028777158863,-0.0016221161561264907,-0.0096956375333262165
3.8506233319021619e-20,1.9882198428286352e-20,-1.1442283382786994e-20
-0.0073301265376124192,-0.012549446013222087,-0.001122419058728612
-0.0028920032521160648,0.0023083208895387634,-0.0041557457925542104
-0.0014791287474412388,-0.0029614475486983193,-0.0004501865886471892
-0.0042091051119295267,-0.0077386842744409205,-0.00092990871355060187
-0.0021996439850805755,-0.0030902439283433951,-5.5316912844342789e-05
-0.0044431657141557213,0.0032212059381672652,-0.0063235250274313428
0.00038806583126410447,0.0013487273912696732,-0.0023860672618939297
-0.00105487663821223,0.0060849020359749232,-0.0046435892927251055
3.9531511744207711e-20,2.0411587760861321e-20,-1.1746949024883179e-20
-0.0029487440382642781,0.0025241799226177492,-0.0042885140047383818
-0.0057471668909247981,0.020829564627723368,-0.024094401859523964
-7.0830186205842448e-20,-3.6572255852826157e-20,2.104747706458215e-20
-2.2828577304136345e-20,-1.1787242342881999e-20,6.7836043215200725e-21
-3.6413595176547454e-06,0.00058846776773293459,-0.0043021135483158422
-0.026914039898374115,-0.032003023552531859,0.00041750689480342081
1.1882396807456673e-19,6.1353227977963384e-20,-3.5309023973611235e-20
4.4329870538071834e-05,0.015413467402136978,-0.018821372069491353
-0.0017182313979813028,0.00045128261290047338,-0.0028057351912434835
-0.0021416867588227155,-0.0028712464105242843,-0.00050144340626569249
-0.0017182313979813028,0.00045128261290047338,-0.0028057351912434835
-0.024054160304457856,-0.025255643910684064,-0.011856824447539088
-0.011022397180484315,-0.013819697786376008,-0.00044806540812060013
-0.01207001236505427,-0.019175369069165817,-0.0029752632313334287
-0.00011089705181328309,-0.00010024156637543451,1.150230301778316e-05
0.00024461898275326293,0.0010259073980755139,-0.0020386495394521939
7.0261231200964031e-20,3.6278483253790425e-20,-2.0878409777933141e-20
-0.0026691469200804761,-0.00090287286013421557,-0.0023714798106061852
-0.0041347123114576388,-0.0026469343396219995,-0.0029805146902288607
-0.0013528234631377588,-0.0020763191792420631,-0.0005611931258371522
4.3297052615611732e-20,2.235587636886154e-20,-1.2865894764918818e-20
-0.0013715119214227898,-0.0027925276920341569,-0.00032545477910067778
-0.00053050798261170787,-0.00064597868811601964,6.3215521603911536e-05
7.933933946222975e-05,-0.0028459517286843596,-0.00090643662224602971
9.3323527116859354e-20,4.8186403196852542e-20,-2.7731464532787055e-20
-0.00033303733739734428,0.0029593489753889169,-0.0025091565870874314
3.2997069128316977e-20,1.7037612339635122e-20,-9.8052129024753611e-21
-0.0018657931880847998,-0.0019031408698102115,4.8637361106374019e-05
-0.0061649721179204836,-0.0043209291044682156,-0.017648502729694975
-0.0054855953734479759,-0.0061030172254780109,-0.0018328921051968257
-0.0033352882858536711,-0.0043370878343522105,-0.00082830288172638076
-1.3156679806802245e-19,-6.7932824387559896e-20,3.9095607581528498e-20
-3.2587844573113779e-20,-1.6826314504201689e-20,9.6836101666668619e-21
-0.0019347201753898877,-0.0021785696586738828,-9.2809716583935499e-05
-0.0035051334914543509,-0.0065561735536040907,-0.00076327089330758115
-0.0021352742327710524,-0.0028039745595262074,-0.0040172833129980094
0.002398903373724942,-0.00034534773026599646,-0.00087591233742794741
-1.2619674310880298e-20,-6.5160065562240976e-21,3.7499873973555284e-21
-0.00080086017075261314,-0.0013930478174973137,-0.00087575365160259648
-0.0050904736348171215,-0.0020385610883617337,-0.0064394288028706481
-0.0044244056403544016,-0.0040382235786686422,0.00075032816877412692
-6.6671602954840204e-20,-3.4425024867199933e-20,1.9811737187753125e-20
-0.00054496125040646862,-0.003717933860632051,-0.00098012431860455547
0.00024461898275326304,0.0010259073980755139,-0.0020386495394521939
-0.00010263694404749168,-0.00011531486977776347,-9.7517980979740454e-05
1.1042846119843622e-21,5.7018315983852384e-22,-3.2814265064141061e-22
-0.0010753525492272721,-0.0010760306429013478,-0.00011859679748869314
-0.0030470198981976389,-0.0018673691880791304,-0.0025218500672484242
0.00015818904263700847,0.0091589969507984009,-0.011106411298419777
-0.0015258492950842824,0.0047162771250891132,-0.0039761813377790778
-0.00065091949527166528,0.0064672915295848482,-0.0050956976758907806
0.0024488365865600369,-0.014161484411285345,-0.0043216883456901863
-0.00072913718516658945,0.002526383818337417,-0.0019470809268288159
8.6739455942804981e-22,4.4786802630743045e-22,-2.5774981068856811e-22
-0.0021651511049577193,-0.0035057056307586584,-0.00020031210649278309
0.0024052678099911562,-0.0020663498903323056,-0.0015063851602699465
-0.00038533818832854047,0.0032837793877255163,-0.0027029683072852871
-0.001118832690377313,-0.0013723468720627852,-0.00051224394524865713
-0.0044431657141557213,0.0032212059381672652,-0.0063235250274313428
-0.00033303733739734428,0.0029593489753889164,-0.0025091565870874314
-0.00062177179954927837,0.008651962040246694,-0.0065978886920853878
-0.00029029145268433774,0.0055122854348812192,-0.0047084259687163914
-0.0028286160532220855,0.0047996332162522299,-0.0057653520301943831
-0.00056585724655649984,-0.00045589633375012944,0.00011820621615855008
-3.9877587683543045e-20,-2.0590279623131075e-20,1.1849786893886881e-20
2.8405051044277256e-20,1.4666582852142119e-20,-8.4406761074550084e-21
9.3877369990704599e-20,4.8472372840774219e-20,-2.7896041188310274e-20
-3.5193649784376786e-20,-1.8171788518176022e-20,1.045793575250909e-20
-0.0021651511049577197,-0.0035057056307586584,-0.00020031210649278287
0.23731498323676123,-0.029937917940030694,-0.11187921891807594
0.00020170736071553405,-0.002236886245042135,-0.0013691939116386392
-0.005249144902329023,-0.0071502598262541987,-0.00012777552185513853
-0.0035187975878822261,-0.0047998194858114799,-0.00018560236252320467
0.012906935336218233,0.064881278009223192,-0.13690845594116163
-0.0013977410289558148,0.0012776385779409165,-0.0028809538480777486
-1.3283998781654197e-20,-6.8590219548673008e-21,3.9473941079539915e-21
-0.0013651855927269119,-0.0039567872474254133,-0.00068491004087722614
0.057910365914272913,-0.024453331726833654,-0.03047242334623913
0.00010404937534751734,0.0005820212881776141,-0.0010956752612687525
-0.0016157758730579372,-0.0013691328869416077,-0.00030282564661576414
-0.21914527998102976,0.34827799936958481,-0.52264228304489468
-1.2783276994338639e-19,-6.6004806981053115e-20,3.7986025981971748e-20
-0.00072992066382592371,0.00250879248616906,-0.001938816406864388
-6.3747490133910005e-05,0.00083612849021441702,-0.0036306258677794977
-2.4231882193875886e-05,0.00014557143149681586,-0.00013509227628041092
-0.084824986132661498,-0.092527648857501907,0.0022895647770007185
-4.7575100244044743e-20,-2.4564791253004762e-20,1.413713396658641e-20
-0.001490193098579784,-0.0011913481907396758,0.00031652640109809362
-0.0049744181822748658,-0.0059021855394553648,0.00036666880638729039
-0.010446275888073365,0.052539189132913409,-0.062972733540476084
-0.0035769845483288789,0.002928256715698214,-0.0098069087964681861
-0.001628759879164784,0.00042517726417197233,-0.0011982176673894368
-7.6433620518607285e-20,-3.946551710803515e-20,2.2712560294180607e-20
-0.00013291517499761934,-0.00016964216418686605,-0.00012603239119859721
0.13019597307861558,-0.017864506920203638,-0.051643724067855286
1.1481234407770892e-19,5.9281877512812963e-20,-3.4116953634982012e-20
-1.4215586643244303e-19,-7.3400353675636151e-20,4.2242192187490617e-20
-0.00053050798261170798,-0.00064597868811601964,6.3215521603911576e-05
-0.00038114677239431058,0.0031188029483831029,-0.0022576414351778047
-0.0025671330870227498,-0.0025305722686406085,-0.0050349158973141779
-0.001118832690377313,-0.0013723468720627852,-0.00051224394524865713
1.2696482939795417e-19,6.5556657041103083e-20,-3.7728113929182243e-20
-0.0022080664480380579,0.0031993587871329307,-0.0048140893338852924
-0.00049973073099117112,-0.00033279935476836692,-3.3502796885701874e-05
-0.0072812267731406088,-0.014095705495288414,-0.0024914517212038896
-0.0029890064990132255,-0.0043673194337993694,-0.00067521875417047021
0.00059163336174956774,-0.0018259579985278811,-0.0015397370154189487
0.0010936865477771183,-0.0024482588673865164,-0.0013841088711929231
-0.013111368300662857,-0.019655213459812079,-0.0014177182111851381
-0.0039712957083993701,-0.0060969060341445943,-0.00042823029038701103
-0.00033303733739734428,0.0029593489753889169,-0.0025091565870874314
-0.0042833735176454309,-0.0057424928210485686,-0.001002886812531385
-4.721652647704227e-05,0.012988449946126421,-0.013099406198210249
-0.0024292518158870241,-0.0034761897589368636,-4.4768859225446349e-05
-0.0020245814975519407,-0.003061819520860716,-0.0011432863846762658
-0.0018860196807239595,-0.0016884594775314298,-0.0017874518051795858
-3.3448689808957381e-20,-1.7270800871940798e-20,9.9394138193759817e-21
9.4247829345985286e-20,4.8663654767719319e-20,-2.8006124688499204e-20
-0.003530339267763553,0.00069848783746064057,-0.0044561453613955505
-0.0030316903778954988,-0.0056871738149076806,-0.0086613545906615384
-5.7709586979769824e-20,-2.9797603159547151e-20,1.7148637797598539e-20
-0.00014904885789063192,0.0035825662858629359,-0.0026459078865221572
-0.00096191862764157541,-0.00098061200665358942,0.00015838808698436936
-0.0005449612504064683,-0.003717933860632051,-0.00098012431860455568
-0.00067380469491539613,0.0059066952880856213,-0.0046937713634510507
-0.00042119707922853459,-0.0030862810681170265,-0.0090990525813228126
3.1929448861326082e-20,1.6486360343275817e-20,-9.4879652107059372e-21
-1.2936067902847865e-19,-6.6793723189768794e-20,3.8440050362606781e-20
0.023192978781382375,-0.0036819003301507888,-0.012538417120830522
-0.0013528234631377588,-0.0020763191792420631,-0.0005611931258371522
-0.0025671330870227498,-0.0025305722686406085,-0.0050349158973141779
-0.0017182313979813028,0.00045128261290047338,-0.0028057351912434835
-0.0032276258984807894,0.0054528247730012457,-0.0067558466990220332
-0.0018831171574710565,0.00052509803647927348,-0.0023947653626998225
-0.0039712957083993701,-0.0060969060341445943,-0.00042823029038701103
0.010983889217885954,-0.0086047490393516939,-0.0062307977473920646
0.2666576275639988,-0.040727846410312428,-0.11003157275415007
-0.0018961675193011817,-0.0026037210269644257,-0.0011292800260927472
-0.00054610015872430507,-0.00021364222184027613,-0.0011822807279154753
-1.7455906580016183e-20,-9.0131329009149698e-21,5.1870934283845346e-21
-0.0031375259175268418,-0.0005918266155960244,-0.002243890702016998
-0.00032187439808747817,-0.00045581435745579746,2.0826485488307769e-05
-0.00041221756868658831,0.0011957437635427177,-0.00097318525101349623
-0.0030752868482150221,-0.0024205474589479342,-0.0010776915801563561
0.0013036971992483382,-0.00051067296751516466,-0.0005502980975692739
-0.00010263694404749168,-0.0001153148697777635,-9.7517980979740441e-05
-0.0041748499162307063,-0.0042290318960026135,-0.0050887422003096823
0.0011331437655151516,0.015351083217154298,-0.017233202716380503
2.1387236202669302e-05,0.00032299490641417094,-0.00062125667671772368
0.00018903201249509144,-0.0025420029703284116,-0.0013071978193976972
-0.011903492854355435,-0.019636766070276174,-0.027176296086416456
1.3293664404299393e-20,6.8640126733435896e-21,-3.9502662866450863e-21
0.011376287167721816,-0.0040959377406191442,-0.004952515163388866
-0.00075132347774960174,0.0024316016417685674,-0.0021589355035945661
-0.20685748079502131,-0.65305540866914824,-0.41563145490259351
-0.00076667826924823994,-0.0041228233861712133,-0.0042750571430675583
-1.7323103260561712e-05,-1.0300024736048037e-05,-2.5453693933587105e-05
-0.00028235674574412627,0.0055966154663276979,-0.0045393301462043302
-0.0032782821366152026,0.0095439766148158797,-0.013832818917771729
0.0021203692598089621,-0.0021529395342032975,-0.0025477667828540176
-0.027482544297528999,-0.025987687448891603,-0.014160068855145
-0.0025671330870227498,-0.0025305722686406085,-0.0050349158973141779
-1.2894026165578755e-19,-6.657664608616517e-20,3.8315121635546267e-20
1.0913100303471646e-19,5.6348390120506246e-20,-3.2428720104799898e-20
-0.0013445660660283004,-0.0010623284980799189,8.0882034664515523e-05
-1.642746443987863e-19,-8.4821100256471884e-20,4.8814876757160665e-20
-0.02049571122786965,-0.055823870559149003,-0.022228859034821549
-1.7102442452676043e-05,-0.0012196860536942424,-0.0018046606890350309
-0.00030925794587499065,-0.00029543384455376509,3.7972867055907407e-05
-0.00586354519493617,-0.0062024222322018662,-0.0013969994535195291
-0.0013874957818110669,0.0013731073239253873,-0.0027945657643591295
-0.0010753525492272721,-0.0010760306429013478,-0.00011859679748869314
-0.0020038966821675774,-0.0065492794436872673,-0.0012454368584754098
5.6795273981187403e-20,2.9325509399294388e-20,-1.6876945982227313e-20
-0.00061513742880959545,0.0026093889947169588,-0.0019544363471722848
-1.4228520377501403e-19,-7.3467135348925984e-20,4.2280625303252354e-20
-0.0032151573630443591,8.6759389705100899e-05,-0.011296863913438909
-0.0039624920672781871,-0.0094937404830829145,-0.0028901105494499816
-4.0108904544380388e-20,-2.0709717106890065e-20,1.1918523636602067e-20
-0.00078289869789658142,0.004548760878738423,-0.012257975048598367
-0.0018154923373480086,0.00034669758931291707,-0.0022633286227647653
-0.0012117044059078823,-0.001008157547647005,0.00027771078162300901
-0.0047785936275940976,-0.0080257118797752176,-0.00038415416696769075
0.00060330950456156116,-0.0025036564423657195,-0.0012168787316411494
-0.0041347123114576388,-0.0026469343396219995,-0.0029805146902288607
-0.0043092237622473417,-0.004464606185208388,-0.0011880972195919843
-1.2776506320808605e-19,-6.5969847477931883e-20,3.7965906650828898e-20
-1.3609312471695275e-19,-7.0269934949204603e-20,4.0440623900571827e-20
6.1838871991001586e-20,3.1929706376863267e-20,-1.8375671583863059e-20
-0.0027299763644882146,-0.0047772367257425648,-0.00047972212490341668
-0.0038773756708225695,0.015128637278872942,-0.01523877125466145
-0.0032260576476818128,-0.0032280919287040731,-0.00035579039246607492
-0.0016456275607586238,-0.0094287596046310328,-0.0054482912583117601
-0.00027769776129569086,0.016566715646958021,-0.018712590488782072
-0.018671064525324896,-0.0012162816829961161,-0.015103101066927176
-0.00044687838722066433,-0.00037773913484914431,0.00010194701396895744
-0.0011562463920662741,0.0051207036268008802,-0.0044156591447024034
-0.0012315302891827539,0.0043910860357238065,-0.0041909991166521115
-0.0025885749896814546,-0.0037372522874824783,-0.00038076625082843717
-0.031537726431722549,-0.0019665181880011511,-0.029163888995460446
-0.0013651855927269119,-0.0039567872474254133,-0.00068491004087722614
-6.3849574099737254e-20,-3.2967906554985567e-20,1.8973159869280859e-20
-0.006181641038870549,0.0036430147292717181,-0.0086521522755367009
-0.0020038966821675774,-0.0065492794436872673,-0.0012454368584754098
-0.0021416867588227155,-0.0028712464105242843,-0.00050144340626569249
0.00059163336174956774,-0.0018259579985278811,-0.0015397370154189487
-0.010341817299656881,0.00098598803032416498,-0.012425389413859757
1.3957752669488747e-19,7.2069061106911154e-20,-4.1476028078738133e-20
-6.8440631827201122e-20,-3.5338440177265073e-20,2.0337411290921211e-20
-1.1554250870174822e-19,-5.9658888628053988e-20,3.433392501413748e-20
-0.0030784396699259208,-0.003935450959220245,-3.6642945333846067e-05
-0.016312703302177683,-0.017668954325540047,-0.0022020690782927586
-0.0020822951816859012,-0.0018400180848448494,0.00030241957621859205
-0.0026859313602166338,-0.0021059005527420903,-0.0013922365716805139
7.9339339462229533e-05,-0.0028459517286843596,-0.00090643662224602971
-0.0041606645650616144,0.00087498006856678379,-0.010568742059091136
-0.01454036182337781,-0.021907395742276424,-0.024828619072295055
-0.0020281702089179777,-0.0016524568788130261,-0.0063773520567766339
-0.0043347717649123837,-0.028526899317706172,-0.028380716154703108
-0.039589585462115169,-0.072038979139273013,-0.017380641846424176
1.4327094806787042e-19,7.3976111737633272e-20,-4.2573543217052011e-20
-7.2490433631752973e-20,-3.7429503263482636e-20,2.1540826320109142e-20
-1.8908473649148251e-20,-9.7631472266087224e-21,5.6187296230977169e-21
-0.062087664499255291,-0.069713234667053217,0.001285750768666093
-0.0005449612504064683,-0.003717933860632051,-0.00098012431860455568
-0.007369551987780598,0.0051433769226299489,-0.014908123687637964
-0.0048647607790223753,-0.00049932784078800198,-0.0074223344387609521
-0.0044128186126391562,0.0042877355256244034,-0.013227553202205989
0.00063116261141820361,-0.0028556351277599775,-0.0010956629628463325
-0.0022981185677708464,0.0014959092606364349,-0.0039305300738989111
-0.0027023628787747273,0.0018306427763767313,-0.0042035032287759191
4.7994797928577238e-05,0.0033203721581738653,-0.010897306082013562
-0.001971407792589786,0.00033599549142412661,-0.0023042707705254206
-0.0011868781763145105,-0.0019960223348063307,-0.00084118251249063521
7.5387546267195288e-20,3.8925390119959593e-20,-2.2401715088350391e-20
0.00012659703629809408,-0.0027096273266587661,-0.00099393807766207424
-2.4955812968478608e-20,-1.2885613122769165e-20,7.4157210253394828e-21
-0.0033827395898633956,-0.012985649685753792,-0.0092930546695881699
-0.0026067869074220466,-0.0061946266222986379,-0.0057759076994526619
-5.9891059334483635e-05,0.0024376215897144765,-0.002296787362608656
-0.0012440141639763124,-0.00093723141748744106,-0.00063067226409588566
-0.0011250711407221295,-0.0017875593647385321,-0.001472193301178124
5.5582848889978279e-20,2.8699489295646485e-20,-1.6516668950031493e-20
-0.0039295265444491967,0.0019872672442291777,-0.0053188386645959228
-0.0029060472333555902,-0.0035178985432079346,-0.0020177441673272099
-0.001822530510861392,3.8539526381656875e-05,-0.0023174998709912229
0.00014344684851084246,0.00032281999319415259,-0.00034741772244174649
-9.673806783550133e-05,-8.5415233297896553e-05,9.2764159398503712e-06
-0.0049600080622136103,-0.0019662199553516411,-0.0049828918640606838
-9.4685747665111211e-05,-9.0998157589417669e-05,1.4091503115434994e-05
0.0013036971992483382,-0.00051067296751516466,-0.0005502980975692739
0.0013098383311429553,-0.00050223365827272988,-0.00055615553270071808
-0.00021529999217912021,0.0015448047327800815,-0.0013397128974769602
1.2040263191319848e-20,6.2168350731401639e-21,-3.5778130331464917e-21
-1.2463687390958825e-19,-6.4354647158090798e-20,3.7036352515130856e-20
-0.0035288935323761531,-0.0027550955357120402,-0.0014124895868260609
-1.6146838509780633e-20,-8.3372124366542759e-21,4.7980985428557531e-21
-0.031225025356917426,-0.044525293758906702,-0.0028387057720656379
-0.00054496125040646862,-0.003717933860632051,-0.00098012431860455547
-0.0018399218198420287,0.00062343127242153035,-0.0024355677554762792
-0.0035341439241171994,-0.0042380361746796524,0.00025792257290556636
-0.0096706696624470085,-0.018184348057126369,-0.0058608315631918746
0.0079747540586279381,-0.0024042106520253781,-0.009264859920374735
-0.0028834443404300407,-0.0027370411942437395,-0.0050238056822133406
-0.0011498858825484913,-0.0023028939465053046,-0.00034235224317554939
0.53075152707727613,-0.049381181646312534,-0.20641379584937916
-0.0040125460508811574,-0.0010557858303599668,-0.0093085260929063659
4.2745884713020927e-05,0.0025529364594922897,-0.002199269381628921
-0.012308848248720309,0.01490668633525875,-0.033809126201593334
-0.00012303972089033115,-0.00010930382763483638,8.7899668144049713e-06
-0.00091733620866129315,-0.0055584075710803996,-0.0014125654381590856
-0.00057649175393887481,0.0026201197958443698,-0.0019499397206376922
-0.00056585724655650006,-0.00045589633375012944,0.00011820621615855015
0.039404180080240415,-0.010983874998912409,-0.016255863945658304
-0.00015777876104460764,-0.00015080182442671455,2.4710246707814004e-05
2.9689628060999245e-20,1.5329857675755268e-20,-8.8223933770981459e-21
-9.6738067835501167e-05,-8.5415233297896539e-05,9.2764159398503408e-06
-0.0037103142541196712,-0.0035353807760691823,-0.0032523474065773812
-8.8987933999881396e-20,-4.5947775439205177e-20,2.6443125455752309e-20
2.963701711096205e-20,1.53026926867188e-20,-8.8067598196677301e-21
-0.00060616779899718613,0.0010200978020524357,-0.0009164585851103677
-0.012283293803531641,-0.015772270545236104,-0.0030625268943529579
0.00046266416544182452,0.0057048348847634047,-0.0059220130428167548
-0.00036166459208510657,0.010718017044792319,-0.008128234006369953
-0.0025671330870227498,-0.0025305722686406085,-0.0050349158973141779
0.0011954998086980491,0.00012670816056882707,-0.00037902247257876265
9.894444949981784e-05,0.00069160181358473324,-0.00098668432879468943
-0.0022819801274080896,0.0018323932613495226,-0.0033963929772541424
3.8213033698662074e-20,1.9730808573669398e-20,-1.1355157926444727e-20
-0.019703939250904665,-0.010287440754921528,-0.018740803858616064
-0.0046775390586331527,-0.0031690821682632954,-0.0040041208857724614
-0.00076667826924824015,-0.0041228233861712133,-0.0042750571430675583
-0.0023647270104194284,-0.0030510099464049851,-9.0774925861502099e-05
-0.0012487944997215518,-0.002386554274660199,-0.00040384528615610674
-0.0016828227040934678,-0.0057976319002333307,-0.0017776819623978211
-0.0067942785973100391,-0.0050522502499637367,-0.0057089038378594879
1.0481424954737761e-19,5.4119489965954442e-20,-3.114597930058785e-20
-0.0021416867588227155,-0.0028712464105242843,-0.00050144340626569249
-6.0528729245830078e-05,0.00062302551242679211,-0.0014829672130969138
-0.01932015473481653,-0.024839749665083927,-0.0053967910938361183
5.6376705015932363e-07,8.5212950975631104e-06,-5.0034721775196579e-06
-0.0093736306426357701,-0.0044407577616120894,-0.0081348645735466983
-0.0017957936470275272,0.00042682649622573053,-0.0022947942474517776
-0.0074682345791495996,-0.017413671925053283,-0.012265688664825664
-3.1170170338871503e-20,-1.6094316641263129e-20,9.2623425186287296e-21
-0.0019509478840398495,-0.0028315078998663226,-0.00011348689469765211
-0.010061705553092149,-0.0085735224890341761,-0.0025858060072943586
0.0011722296944093426,-0.0087313511144294764,-0.010690421959351491
-0.0015132224404541951,-0.0026612216445811563,-0.00026216945333973205
-0.0047785936275940976,-0.0080257118797752176,-0.00038415416696769075
-0.0047785936275940985,-0.0080257118797752158,-0.00038415416696769119
-0.0049277802266008723,-0.010207105752232659,-0.01166419919389414
-0.0021281297814041639,-0.0036066918769174379,-0.00030064060897567427
-0.00061919775806371232,0.0024715889992436017,-0.0018482130952670573
0.00059163336174956774,-0.0018259579985278811,-0.0015397370154189487
-0.0037011638916425913,-0.0040991799045311398,0.00045189768947584722
2.2898368170563885e-20,1.1823277957801978e-20,-6.804342960215644e-21
-6.0953566344409093e-21,-3.1472590187358851e-21,1.8112599420315646e-21
5.1486232605594259e-05,-0.0024939730432900404,-0.0010276523910408605
-0.0025671330870227498,-0.0025305722686406085,-0.0050349158973141779
-0.0030144935953929624,0.00192555686650905,-0.0052296078397699912
-8.7125393074426814e-20,-4.4986076385141192e-20,2.5889663867191139e-20
0.00067259346944480484,0.0018516375102159237,-0.0026185663127769828
-0.0021996439850805755,-0.0030902439283433942,-5.5316912844342871e-05
0.0063162174231220546,-0.0028652322048526462,-0.0040770466101019871
-0.01928777060851564,-0.02316059838183521,0.00053465364525658314
7.933933946222975e-05,-0.0028459517286843596,-0.00090643662224602971
-1.5542034866576091e-20,-8.0249298513617186e-21,4.6183786874309379e-21
-0.0024116275851004064,-0.0065355119772493543,-0.0015305369196679912
5.2152541507023061e-21,2.6928294164570104e-21,-1.5497339196092774e-21
-0.0011520114442565882,-0.0021635240664002555,-0.00037805555024882542
-5.3728277496617574e-22,-2.7741905134006474e-22,1.5965575526789368e-22
4.0501445917232229e-20,2.0912400797372009e-20,-1.2035168897439176e-20
-0.0026691469200804765,-0.00090287286013421601,-0.002371479810606186
-0.026266306425474534,-0.033826813496306549,0.00026341172264337652
-0.00017971980169663985,0.0057119303361054981,-0.0044418121652245492
-0.0041448195647178264,-0.0064917594892008228,-0.0001441706624965906
1.2472945415131732e-19,6.4402449777763309e-20,-3.7063863109825797e-20
-0.001628759879164784,0.00042517726417197233,-0.0011982176673894368
0.011615632297552804,-0.0069811095725565604,-0.0071082605690609563
-0.00048058990989858255,-0.00060029523319061388,2.6243412809090289e-05
0.020006694003440621,-0.0097609304418995978,-0.011799630282740366
-1.6036442968760422e-19,-8.2802111171227997e-20,4.7652940598869793e-20
-9.8433127931704908e-20,-5.0824679873178794e-20,2.9249803135428598e-20
6.957093710136082e-20,3.5922058770325515e-20,-2.067328608664587e-20
-0.00022621278629218948,-0.00015401687894577755,4.7376013154529559e-06
-0.0081760663250108074,-0.0061506063884256045,-0.0014120425110808665
-0.0066031988801664816,0.0069061091477034594,-0.012413864685156544
-0.007569429583984765,-0.0060954465258486702,-0.00064881022855625356
-0.00021529999217912021,0.0015448047327800815,-0.0013397128974769602
-0.00061576514459137674,0.0021955430178619037,-0.0020954995583260562
-0.0025671330870227498,-0.0025305722686406085,-0.0050349158973141779
-5.3133743433910822e-05,-0.0015816780108709129,-0.00022705752453114206
-0.00013232896871343938,0.003750258730329757,-0.0030813560405271363
0.12488527302098884,-0.032546695466373801,-0.067308305227804913
-0.0011770050339149467,-0.00086233956412202519,-0.00073106350739201599
-0.00049711684951052153,0.0029421711963764753,-0.0024555104706403012
0.16230223981609479,-0.033380610065946087,-0.071772859208667814
-0.0031028915342005505,-0.0012563845108176637,-0.0020608883917558234
-0.00060146421302185223,-0.0045694344555932331,-0.0016274127049592474
-0.0016105788109893522,-0.0010298699098407345,-0.0012736397741918318
-0.0049849233589429436,-0.0025149423215031553,-0.0078794031649100198
-0.0050124558884790549,-0.0055979034640795166,-0.0046095400800778676
-0.0012540995380115529,9.5028133374589434e-05,-0.0023550500772879708
-6.7680538175370048e-20,-3.4945975594720697e-20,2.0111546380036204e-20
-0.0051137143631123172,0.074633510522773464,-0.075718397060956816
8.3987173321472606e-05,0.00025064926183285675,-0.00022585368326700274
-0.0016105788109893526,-0.001029869909840735,-0.0012736397741918313
0.005956342680291645,-0.071412961928203247,-0.060574780235791804
-0.00079683285199452693,-5.424527587018239e-05,-0.0062815984429234334
-0.00054610015872430507,-0.00021364222184027607,-0.0011822807279154753
-0.00022621278629218945,-0.00015401687894577755,4.7376013154529475e-06
-0.010037600814504624,-0.010662059229022698,0.00025894196323419461
5.6673713294003344e-20,2.9262743100405146e-20,-1.6840823730852962e-20
-5.3648723176455917e-20,-2.7700828352606061e-20,1.5941935650636676e-20
-0.002005128203315395,0.0036475405965565887,-0.0051660998456669596
-0.0023605993591620817,-0.0071218172272153654,-0.0029395626731626859
-0.018378369641262902,-0.0084418704572402567,-0.031562876686090098
-0.0016105788109893524,-0.0010298699098407345,-0.0012736397741918313
-4.4222806473874352e-20,-2.2833877469889824e-20,1.3140986278138713e-20
-0.085000447246988214,-0.11593416227683416,-0.011257093984126108
3.40032594830816e-05,-6.5570432860422105e-05,-0.00021105871959363267
1.7294270592161609e-19,8.9296742363585529e-20,-5.139062638995123e-20
7.7695471766456985e-20,4.0117057773695773e-20,-2.3087524509551103e-20
-0.0025671330870227498,-0.0025305722686406085,-0.0050349158973141779
-0.001420748838042313,-0.00084614397618859789,-0.0012779747093668193
0.0018479230052025199,-0.00039211099712684809,-0.00075969616003096149
-0.0010365457035826507,-0.0011256323907575226,-0.00014121219338567704
0.011713004033052728,-0.027049904765815813,-0.013689551526016312
-0.028834388990727506,-0.038468124646598587,-0.0014979043045575738
-1.6529217108010842e-19,-8.5346487073132723e-20,4.9117238936642663e-20
-0.01795065568180268,0.044888151894544912,-0.067357858675107005
-0.0021302640652868729,0.00090497397134184615,-0.0053660582562819279
-3.517234290569643e-21,-1.8160786983338223e-21,1.0451604326733577e-21
-0.00049382308918890735,0.0079772674251110554,-0.008695832210062213
-0.0005449612504064683,-0.003717933860632051,-0.00098012431860455568
-0.096403295840500419,-0.11852507390744131,-0.0052631589088917088
-0.023089442095586724,-0.036053904892164472,-0.07370525113463508
2.3065266647669207e-21,1.1909453846991005e-21,-6.8539375207289303e-22
2.359768050485917e-20,1.2184358890951182e-20,-7.0121464565429401e-21
-0.00010263694404749164,-0.00011531486977776344,-9.7517980979740454e-05
-0.0029392049209926462,0.026414351471051613,-0.030517177866509943
0.0024052678099911562,-0.0020663498903323056,-0.0015063851602699465
-0.00031555752208921534,-0.00030160364885342911,4.9420493415628035e-05
-0.0017929598514985312,0.00047050188248388747,-0.0023247727366815726
-0.00021529999217912021,0.0015448047327800815,-0.0013397128974769602
-0.0011498858825484913,-0.0023028939465053046,-0.00034235224317554939
1.3366531131844153e-20,6.9016364723496649e-21,-3.9719189304522124e-21
-2.8622212031321489e-20,-1.4778711135930455e-20,8.5052063755001192e-21
3.4074142638766582e-20,1.7593745399829592e-20,-1.0125269664451594e-20
-0.0015968839247256562,0.0045831107734127406,-0.0052072094432902803
-0.0025675059337957004,-0.0057917100001367077,-0.00076203922095107162
-6.6885867658211599e-20,-3.4535657690981603e-20,1.9875406813142808e-20
-0.0016435811381240691,0.00048365962184131477,-0.0023077045962461027
1.5052902967665989e-19,7.7723728846663194e-20,-4.4730311600543505e-20
-0.0050266318684992692,-0.0066826995321457461,-0.0029774782005170092
-0.00017658789094495547,0.0033924210928336983,-0.0028462381344903859
-0.016791863656361344,-0.020019058087207695,-0.0036631531944887369
-0.00060616779899718657,0.0010200978020524355,-0.00091645858511036759
-0.0029404595022062292,-0.0023498356844108633,-0.0027663144235809903
-0.0023647270104194284,-0.003051009946404986,-9.0774925861502058e-05
-0.0011740698219330483,0.0016929011788607005,-0.0034113800527270084
-0.0042861021327641339,-0.00095714502015542698,-0.0051659744355809006
-1.0325359933553778e-19,-5.3313668295593019e-20,3.0682225761023255e-20
-0.001577750925046932,0.12790251125091509,-0.14344824832478908
-0.0016916158232312178,0.0042702375177879667,-0.0094452852694587378
-0.00091047448579454325,-0.00079765037082341994,0.00020245015386403972
9.6393382850883459e-21,4.977148371464347e-21,-2.8643684610270097e-21
1.4894361246436451e-21,7.6905118923352866e-22,-4.4259198422247139e-22
-0.0011868781763145107,-0.0019960223348063316,-0.00084118251249063521
0.00018903201249509117,-0.002542002970328412,-0.0013071978193976972
-0.013942746925007339,0.010823697940212894,-0.034318263063544532
0.0047979261192034493,-0.0051797984286056581,-0.0057249517129866374
0.016095030497428778,-0.053998111362223392,-0.036822344933946101
-0.0014179862741989953,-0.00086825541957010594,-0.001292838440103131
-0.00061912553633440039,0.0024311507669952204,-0.0018301887956623879
-0.0012158633674519358,-0.0098117817868385287,-0.0022327491225651811
0.0095094166213714193,-0.0025455944686527299,-0.003814529553485799
-0.001116409674535564,-0.0020580552346532617,-0.00056784149402885084
-0.067032157676123999,-0.087257259169509119,-0.00032354528063593447
2.5723673752324345e-20,1.3282088166313562e-20,-7.643893971417143e-21
-0.00013232896871343946,0.003750258730329757,-0.0030813560405271363
7.7072725663231246e-20,3.9795510832037407e-20,-2.290247297976592e-20
-0.0014702297511031141,-0.0011749178422054314,-0.0013831572117904952
1.1267357960441075e-19,5.8177553979245051e-20,-3.3481411098566979e-20
-0.00038533818832854047,0.0032837793877255163,-0.0027029683072852871
0.00018970914617167238,-0.0050971277134901878,-0.0013847499183435546
-0.00028791822513596257,0.0012254545450394014,-0.00090200118369651323
2.1387236202669352e-05,0.00032299490641417105,-0.00062125667671772368
-0.001753818351824835,-0.0015963199196204051,-0.00015500703832191745
-0.0012421404463086462,-0.00022448598219957316,-0.0064006376088701572
2.5524847635600538e-20,1.3179426857856013e-20,-7.584811984588521e-21
-1.8430357948871835e-05,-1.2168548271800982e-05,-9.2856754070947526e-06
-0.00091733620866129315,-0.0055584075710803996,-0.0014125654381590856
-0.0039730446147035947,-0.0050096300733339268,-0.001165521119201151
-9.1668739320574761e-21,-4.7331974806201085e-21,2.723973763027088e-21
-0.0028219989614853697,-0.0027841459827679643,-0.0050078380953441134
-0.00061576514459137739,0.0021955430178619032,-0.0020954995583260558
0.0023548602511293637,-0.001591422082731576,-0.0011844378118507637
-0.00078801299690364475,0.0058394160546874465,-0.0077405069959790834
-0.00027252481957866926,-0.00063936842005298932,-0.0022377638878876066
-0.013864500465480888,-0.017779825718780784,-0.0034188395232420342
-0.0014576433767715146,-0.0013064422327366402,0.00019748879230157247
-0.0077183909447037747,-0.010720673698373687,-0.0043957685491827587
-0.0012191200152023888,-0.0025654792311091625,-0.0002670021461106228
-0.0061231596936223561,-0.0090880403778549543,-0.00030327213230318213
-4.5826706335194653e-20,-2.3662030538898279e-20,1.3617591626116421e-20
-0.0013715119214227898,-0.0027925276920341569,-0.00032545477910067778
-0.00015179958104003601,0.012119124370083724,-0.010696529288910673
-0.00032008260449795068,0.0031607847710424012,-0.0060681159113012981
1.1799784845922412e-20,6.0926671736650926e-21,-3.5063539179636118e-21
-0.002667318315736631,0.0051161726490750936,-0.0060993612845394226
-0.0023006899435754442,-0.004564714330104554,-0.00070054467503395017
-0.027364311765474516,-0.033358360195620031,-0.041960004802614539
0.0018953305609979486,-0.0023366309660430807,-0.002090035112988236
-7.2549141296250056e-20,-3.7459816212023109e-20,2.1558271540852718e-20
3.7449695959559705e-20,1.9336668949159469e-20,-1.1128329022015401e-20
-0.00080155739484243788,0.0024593932389775043,-0.0019066875465319564
-0.038763910377609262,-0.060374812029272647,-0.005102819106513016
2.6496409923047427e-20,1.3681080551423546e-20,-7.8735156581522078e-21
-0.0096706696624470085,-0.018184348057126369,-0.0058608315631918746
-0.0047224595110778051,-0.0027582982853441291,-0.0048296562152251978
-0.00040563052489867512,-0.0042115183719411142,-0.0021157752028776898
0.00030494100088559523,0.0018089522455429713,-0.0029640002611229991
0.019690915321352632,-0.001738204561257948,-0.0073099576996905743
-0.15203402541520702,-0.14328438710727173,-0.068394679732444452
-0.047892935031352578,-0.068818294807154207,-0.0029267468282177266
-0.001893663735095774,0.0037036998320946744,-0.0048008252713112555
-0.0071763671668076201,0.0038282868979061502,-0.016691201412373388
0.0015073903546933059,-0.0042428618959616596,-0.0033528638311011234
6.1411318945953611e-06,8.4393092424316244e-06,-5.8574351314338313e-06
-0.0012391307433755345,0.0090388260070608378,-0.0065783008258549561
1.750498644438402e-20,9.0384746569928598e-21,-5.2016777089687248e-21
-0.0053604673435316465,-0.001501475664276752,-0.015456085716167656
-1.0542563359097312e-21,-5.4435170366203859e-22,3.1327654568929625e-22
9.0538787153812237e-20,4.674853852301686e-20,-2.6903967759520401e-20
-0.0060721139292866351,0.001055517706585738,-0.01757889190811877
-0.012557191800253185,-0.014778428811971131,-0.022591723125678354
-0.006094039796395276,-0.00373473837615826,-0.0050437001344968493
-8.6013811879943063e-20,-4.4412125727211126e-20,2.5559353007186396e-20
-0.0078543037324473926,-0.012639726194223792,-0.00052289037783816508
-0.00065017812514664658,0.0024320581265475593,-0.0018645843156077633
-0.0018295477796637502,0.0043131390280665115,-0.0049506422912199552
-0.00068747616911702758,0.0025124114881003665,-0.0049702927894102761
-0.0010753525492272721,-0.0010760306429013478,-0.00011859679748869314
-0.0030144935953929624,0.00192555686650905,-0.0052296078397699912
-8.2551183782896954e-20,-4.2624242236580661e-20,2.4530419026700834e-20
-0.00091733620866129315,-0.0055584075710803996,-0.0014125654381590856
-0.0014702297511031146,-0.0011749178422054316,-0.0013831572117904952
0.27939484582149343,-0.027374860471338403,-0.10634065353293848
-0.00054663592581391583,0.002967239954902768,-0.0023689590529402493
4.2220132547016261e-20,2.1799822540264675e-20,-1.2545883599525349e-20
-0.00075117624341622792,-0.0006133451304479536,0.00015601037900501757
-0.0020038966821675774,-0.0065492794436872673,-0.0012454368584754098
-0.0025671330870227498,-0.0025305722686406085,-0.0050349158973141779
0.034882872058437459,0.0019255922713824196,-0.015933333450973274
3.7080769127706453e-20,1.9146178323356767e-20,-1.1018700917815471e-20
0.015219537703098815,-0.0071816263792277568,-0.0072229232405481847
0.0010199138636203611,-0.00049201647299531388,-0.00072795243508649702
-0.00096520745114547248,0.00087271219347706574,-0.0012263694753799704
-0.0054907773214197412,-0.0089804664909857931,-0.00038326171327842984
-0.0017312564882935183,-0.002923862408050603,-0.0002029201657680639
-0.012407469780634596,-0.016925254339841388,0.00022701663434426369
0.0054606089884936095,-0.0083463333170717517,-0.0039074228118752483
-1.2171935061787448e-19,-6.2848221521898351e-20,3.6169398637642742e-20
9.4968432011290086e-20,4.9035728685363415e-20,-2.8220254692257734e-20
0.012829789547392431,0.064311323642752355,-0.16996207625315901
-9.7046389687527966e-05,0.0012267129117461111,-0.0041104926209179615
-0.033385202730309899,0.016963371545303935,-0.059740607404011679
-0.000541548256339525,0.00090845304333849006,-0.00097972250528754849
-0.0010753525492272721,-0.0010760306429013476,-0.00011859679748869317
-4.2987396917061391e-20,-2.2195989631584044e-20,1.2773879318523284e-20
-0.00012970529846759925,0.00055467929778029964,-0.0013687986424424511
0.0011361081964199331,-0.00067617582824974244,-0.00072319248760155212
-0.0022668000625102247,-0.0011463484554682097,-0.0015848875744735424
-0.001118832690377313,-0.0013723468720627852,-0.00051224394524865713
3.8111149348672243e-20,1.967820190159353e-20,-1.13248825790346e-20
-0.001118832690377313,-0.0013723468720627852,-0.00051224394524865713
-0.0070958425216531874,-0.0087256461123933725,-0.0015503523740064045
-0.0015807984926783471,-0.0017920739801585216,-0.00059852517768164732
-9.7313822704789759e-05,7.3027355777878082e-05,-0.00011489339921461445
-0.0041571443430978069,0.0001895305635115283,-0.0044036839491515233
-0.0026691469200804765,-0.00090287286013421601,-0.002371479810606186
-0.0043371833107396481,0.0055786501869555015,-0.008338007078508524
-1.3615102927970811e-19,-7.0299833226800627e-20,4.0457830476433791e-20
0.0018479230052025199,-0.00039211099712684809,-0.00075969616003096149
-0.00038114677239431036,0.0031188029483831029,-0.0022576414351778047
-0.0093344516450718749,-0.036275132085881498,-0.022146213381907136
0.0066413970703827555,0.00064998751803364114,-0.00197758496081438
-0.0025072839529045555,0.0029477875306665523,-0.0042243249789089858
1.4360058552158569e-19,7.4146315798378595e-20,-4.2671496323234337e-20
-0.010658876836343803,0.023489388059243971,-0.039288388951912591
1.6628454749858445e-19,8.5858887876984237e-20,-4.9412127613902075e-20
-0.0030033832810322084,-0.0025435335126702137,-0.002629513743711771
-0.0075190314899197981,-0.011956242183144117,-0.0012355747224534607
-0.021751541870353712,-0.043778381040608799,-0.010124433335413342
1.7022928935860569e-19,8.7895704610464129e-20,-5.058432365428415e-20
-1.3296312154336653e-19,-6.8653798060033197e-20,3.9510530764857017e-20
-0.00012543544861257541,0.0008407111397482174,-0.0016100362271057977
-0.00096520745114547291,0.0008727121934770653,-0.0012263694753799699
6.6590284804645467e-20,3.4383037285608852e-20,-1.9787573169584972e-20
-1.8273694268472782e-19,-9.4353870572241727e-20,5.4301023561852232e-20
-0.010356384697584108,4.5602948798207483e-05,-0.014889230383085527
-0.001822530510861392,3.8539526381656875e-05,-0.0023174998709912229
0.0048245914420026806,-0.0030916184508726352,-0.002522460653685909
-0.065198100279867374,-0.080764614430923184,-0.0012411225776638355
-0.0038546907856952589,-0.0047548233280137117,0.0001384187750289468
-0.0014791287474412388,-0.0029614475486983193,-0.0004501865886471892
1.4059435863167861e-19,7.2594089201878758e-20,-4.177818381219766e-20
-0.00034721950682749258,0.0114920147864631,-0.012352728715900986
-0.0038476420152819711,-0.0048124301189201666,-0.0098635550584675758
-3.7156836841931534e-20,-1.9185454909633985e-20,1.104130474760343e-20
-0.0022051687174424101,-0.0019985771453014732,0.00035160231140922275
-0.0047785936275940976,-0.0080257118797752176,-0.00038415416696769075
-0.0046295363483392213,-0.0039373149715771641,-0.0041410542391369584
-0.00061480778879296322,0.0024098642132821466,-0.0024190038816708993
-0.00039447990546302226,0.0030574860661542209,-0.0023579924896605839
-8.8698735837967297e-05,6.3811579488481075e-05,-0.00061081768339455713
-0.0016167525664371857,0.00064791828856812896,-0.0023486539916922626
-0.0023819222877680532,0.002886724594485138,-0.0046558179169102895
5.560990117063373e-20,2.8713457390504027e-20,-1.6524707644489816e-20
-0.00088960478046185302,0.00062263299523019581,-0.0021651584701648362
-3.9631809080979258e-20,-2.0463375000112537e-20,1.177675278507195e-20
-0.097592241865868831,-0.09789349545563561,-0.0038990447431131361
-0.0013874957818110669,0.0013731073239253873,-0.0027945657643591295
-4.5388987333455797e-05,-5.9504793129646674e-05,-3.1705878408428808e-05
0.0048066421383459405,-0.0047899619820960838,-0.002981788302791809
-0.00011089705181328315,-0.00010024156637543462,1.1502303017783196e-05
-0.00049973073099117112,-0.00033279935476836692,-3.3502796885701861e-05
-2.6608679897594727e-20,-1.373904970944475e-20,7.9068771364310158e-21
-0.002034934858002959,-0.0025262897470706572,-0.0052589543184208892
-0.0025671330870227498,-0.0025305722686406085,-0.0050349158973141779
-0.010173315911443631,-0.0094885199005874804,0.0013844904587979891
-0.0007622935447886217,0.0062376058967662067,-0.0045152828703556112
-0.00061537155584312389,0.0024013429181845812,-0.0024140004094933909
-0.00081285183771171419,0.0035561298239542957,-0.0033329408646932701
-0.0013993694745854648,-0.0026141986642175367,-0.00033620879679646518
-3.0549387976871321e-20,-1.5773783651785416e-20,9.0778745224477748e-21
-0.0012607768525027875,0.0014380671989472097,-0.0087930034838442032
-0.0018231915296446518,-0.0026460890759375049,0.00010515963590557067
1.5832039839474142e-19,8.1746701896870949e-20,-4.7045548411124467e-20
-0.0022877482577888511,-0.00037654616126053808,-0.0020794152875242547
0.00018888686019433276,-0.040285550862829839,-0.034830545754962132
0.00010404937534751753,0.0005820212881776141,-0.0010956752612687527
-0.0032183942263546619,-0.004253772110106236,-0.0057576951478695623
8.7622185575838213e-20,4.5242588805101305e-20,-2.6037287773606056e-20
-7.0619867301059618e-20,-3.6463660393476842e-20,2.0984979949625659e-20
-0.0018262660252067677,0.00021761985612375206,-0.0021878819231014313
-0.0016355775743051501,0.00071362764760894671,-0.0025344336985363577
-0.05466568687326024,-0.1239919103878008,-0.036502283763846829
-0.0011164096745355638,-0.0020580552346532617,-0.00056784149402885095
0.0012353231637390685,-0.0015146845805845946,-0.0010148425817056359
-0.0019766014295502479,-0.00067448596233782049,-0.011267162501712677
0.00018903201249509152,-0.0025420029703284116,-0.0013071978193976977
-0.00054663592581391583,0.002967239954902768,-0.0023689590529402493
0.003639007224986291,0.00043098187080863011,-0.0010726820857991208
-0.00040563052489867512,-0.0042115183719411142,-0.0021157752028776898
-0.0028267371956693862,-0.002204551589681197,0.00049047234809221384
-0.00039606138108508321,-0.00052471567290345055,4.0181870825819495e-05
0.00027066543334223217,-0.00036789196907956992,-0.00049867910064536002
-0.0016167525664371857,0.00064791828856812896,-0.0023486539916922626
-0.00021529999217912021,0.0015448047327800815,-0.0013397128974769602
9.8944449499817894e-05,0.00069160181358473324,-0.00098668432879468943
-5.4201290291813894e-20,-2.7986139276476123e-20,1.6106133209616513e-20
-0.0046311739457078928,0.0096458663096172566,-0.014063639421883373
-9.0567701049245065e-20,-4.6763467842991962e-20,2.6912559641145849e-20
-0.0014991838296327554,0.00064621376594047519,-0.0024428327816506906
-0.001118832690377313,-0.0013723468720627852,-0.00051224394524865713
-0.0021651511049577193,-0.0035057056307586584,-0.00020031210649278309
0.0011740911784833762,-0.0021227314873365423,-0.0069481267394082124
-0.0068050578279138119,-0.0038236212830147285,-0.007004590709881511
-0.0039712957083993701,-0.0060969060341445943,-0.00042823029038701103
-0.00056585724655650006,-0.00045589633375012944,0.00011820621615855015
-0.00019434735331164542,-0.0001639987641052038,4.0419759460162463e-05
-0.0020736632992733282,0.0012778151085930734,-0.0017492583509682489
8.7339384001822594e-20,4.509656784729492e-20,-2.5953252138769539e-20
-0.0041524286981217311,-0.0064048853662864958,-0.0091021382667471791
-0.0086876615117102984,-0.010200200027974331,-0.0023613718534043105
-2.5862867774656634e-05,0.0036571874787028648,-0.0031468652560967579
-1.6062572480600778e-20,-8.2937027534650149e-21,4.7730585500888699e-21
-0.00020783344002090878,0.00023424535228662804,-0.0008768179334165332
-0.0012117044059078823,-0.001008157547647005,0.00027771078162300901
0.023492306055530255,-0.024709285245217923,-0.031113048871298461
-1.94564125372601e-19,-1.0046068426893195e-19,5.7815518859589365e-20
-0.00051275713909395572,0.0086712793114947593,-0.0069509687523120625
-0.00019434735331164536,-0.0001639987641052038,4.0419759460162443e-05
-0.012309934329591139,-0.011480905639740233,-0.0063911385272789924
0.0025097333753091085,-0.001115793027545257,-0.0010643398811162603
3.5535788204845159e-20,1.8348447291478621e-20,-1.0559603571494568e-20
4.2745884713020954e-05,0.0025529364594922897,-0.002199269381628921
-0.00036890405911072058,0.0015155392600948029,-0.001306741851931349
-0.0027299763644882146,-0.0047772367257425648,-0.00047972212490341668
-1.953983855381815e-19,-1.0089144377773147e-19,5.8063422650903691e-20
-0.0010753525492272721,-0.0010760306429013478,-0.00011859679748869314
0.038725696261998031,-0.00066534627270784972,-0.014004131187790437
3.0964771856974122e-20,1.5988261778191341e-20,-9.2013075271370143e-21
4.6873189540000353e-20,2.4202368684808924e-20,-1.3928558354107251e-20
-0.00013232896871343905,0.003750258730329757,-0.0030813560405271363
0.0066413970703827555,0.00064998751803364092,-0.0019775849608143791
-0.00019297934612184326,0.009567215257039156,-0.008371384362906029
-0.0014920442092047118,0.0015175022896737982,-0.0030911553551830682
-0.009171385201329648,-0.012895118143399945,-0.00327504162439616
6.8831789197381462e-20,3.5540409256081267e-20,-2.045364528981053e-20
6.9492089127141536e-20,3.5881346634100232e-20,-2.0649856091611571e-20
-0.00043756653428812597,0.0029293676990141478,-0.0021415199368099392
-0.0092476699513290815,-0.01434886192669804,-0.004923384577096305
-8.232785924522422e-05,0.0034197740975975412,-0.0028389697670580111
-0.00039447990546302177,0.0030574860661542222,-0.0023579924896605839
-0.0024166894876746924,-0.013869624776283165,-0.010173738443887954
0.010709204116605486,-0.0043707315814160309,-0.004960520063115495
0.00016349330779475473,0.00023296086934966123,-0.00037292535656466578
-0.0005408748362231156,0.0027193607086163194,-0.0020016587352091136
-0.0017258770564730615,-0.0020549779987924805,-0.0033131609630855175
-1.1498958393723874e-20,-5.9373393021635887e-21,3.416962117549406e-21
-7.6708501708868742e-20,-3.9607448476368851e-20,2.279424235464943e-20
-8.1770127683361493e-20,-4.2220953960888637e-20,2.4298325038951048e-20
-0.0020038966821675774,-0.0065492794436872673,-0.0012454368584754098
0.046421828080226629,-0.012076281908798598,-0.019580694272927308
-0.001971407792589786,0.00033599549142412661,-0.0023042707705254206
-0.0047999362436296896,-0.0020263468996970942,-0.0081266127826686105
-0.0069746486393533957,-0.0065284510073347918,-0.0031790387174449901
-0.0030144935953929624,0.0019255568665090496,-0.0052296078397699921
1.2007134982140921e-19,6.1997297502455116e-20,-3.5679688518009745e-20
0.011546685536644345,-0.0056582093802285518,-0.0055871201644930582
-0.0013948128882443178,-0.0011371870129900548,0.00030824074019967997
-0.00061919775806371211,0.0024715889992436017,-0.0018482130952670573
-0.0081120151343119125,-0.010920875783258897,-0.0060913903489023683
-0.0043284618157975246,9.0064789508663304e-05,-0.012055833493972937
0.0013224263801848242,0.0060578524956121831,-0.0055089042601657928
1.110077976499431e-20,5.7317448888697326e-21,-3.298641723594463e-21
-1.4296934562838865e-19,-7.3820383196744918e-20,4.2483920829177908e-20
3.973983944762047e-20,2.0519155089927396e-20,-1.1808854446451046e-20
-0.18897727319602678,0.34409628581070478,-0.47659790244069
-0.016348899711251183,-0.065396405970595817,-0.031806792293098761
-0.0006669048629738488,-0.00020493550750742747,-0.00043402062631675141
-0.0028882160253021227,-0.0020431732617755718,-0.0026759956518936051
1.0803818854957256e-19,5.5784129413435804e-20,-3.2103985848911399e-20
-0.0018831171574710569,0.00052509803647927337,-0.0023947653626998225
-0.003047019898197638,-0.00186736918807913,-0.0025218500672484247
-0.0091889925442572122,-0.0087454882130951934,-0.0057507308769217703
-1.8343106919971155e-20,-9.4712273865616119e-21,5.4507286069344489e-21
0.30439743448207279,-0.23273388167511683,-0.23700500596934815
0.0020871450821227672,-0.0092227200758461438,-0.030420858730330621
-0.0013445660660283004,-0.0010623284980799189,8.0882034664515523e-05
9.586582569322101e-20,4.9499086373748616e-20,-2.848691886402334e-20
0.00047597376622018575,-0.0019834944052950529,-0.0013770258774207049
4.3014886263133756e-20,2.2210183401494013e-20,-1.278204788910141e-20
-0.010486871025341913,-0.011140073416287546,0.0011414876287904683
-0.0093615175921668778,-0.0090700006723076123,0.00095718834202917916
-0.0047600395686556597,0.00092364219647451951,-0.0071431712653535631
-0.1786886207808864,-0.22085983083546537,-0.04352385143136904
-0.0036478130965647026,-0.0036055874743487135,-0.0070960089966369405
-0.0016167525664371857,0.00064791828856812896,-0.0023486539916922626
-0.001118832690377313,-0.001372346872062785,-0.00051224394524865713
-0.0025080498151462479,0.0036675795696860356,-0.0056667486535426706
-0.0022188786113180939,-0.0022790325996989969,-0.00026046138769753778
-6.2879347805024451e-05,-2.5874927154191847e-05,-4.0468682759153901e-05
-0.0014752062656521626,-0.00092524677704369101,-0.0012457999247992395
-0.00060146421302185223,-0.0045694344555932331,-0.0016274127049592474
-0.0010753525492272721,-0.0010760306429013478,-0.00011859679748869314
-1.1624326485668207e-19,-6.0020715057770022e-20,3.4542157547317652e-20
0.0085396144807847706,0.0004404430992550483,-0.0029523675753965676
-0.003047019898197638,-0.00186736918807913,-0.0025218500672484247
-0.0047785936275940985,-0.0080257118797752158,-0.00038415416696769119
-0.0013981273329037583,-0.00089549247914051775,-0.0012711343440602954
-0.0010365457035826503,-0.0011256323907575224,-0.00014121219338567709
-0.00049973073099117134,-0.00033279935476836702,-3.3502796885701841e-05
0.00033162858776027929,-0.0023363674148350819,-0.0016510287744809372
-0.0029988218665328277,0.0027664245550600868,-0.0075682741227450535
0.25977714459677903,-0.036170435621530495,-0.10439717525726222
0.00037599636046196103,-0.00081314779052444578,-0.00021651913519811985
7.9339339462229668e-05,-0.0028459517286843596,-0.00090643662224602971
2.562351031929789e-20,1.323037006566732e-20,-7.614130001108185e-21
0.10625349362479183,-0.015422799021273267,-0.04114416952203824
-0.010346892908928025,-0.012207756977247361,-0.0025564251460839325
