9,6,6,2
-68.62340679266805,-4.4171006805807131,25.069598988139575,10.959134813732295,-15.28621032070026,-19.853246002337524
62.461730235215427,5.1389880895252604,-34.927282745522454,-11.668272373032902,19.45243290951209,36.368883037413013
50.300919942308383,-3.9285568377994702,-49.136010413964868,13.50404684983395,35.25300559262957,3.7367498961005707
-2.0910957185189383,-15.154666266479854,-3.3085168247556487,-11.458796431844068,-33.875981870105718,-8.3130471660891914
10.638714903264681,16.310319483795979,13.782497125898837,10.44318320752128,37.818805246095323,12.386243168584041
1.2316038366922415,-2.0135580882901007,40.215920127470532,-3.776296910209286,0.96549040967674371,-0.22127899394635783
-0.49232033777943407,0.65795268169236198,31.538270941688996,-2.0871865581801892,1.0655236310592746,93.217343856464439
-3.9134848792946872,-3.1721770603663328,29.929026607156512,7.2892903260977624,-1.5699172150057406,0.73825834322376505
-46.317974657478601,-26.025917848988861,7.5096417920549019,10.160743585033638,-44.950909968687434,-52.050802263764488
5.5382605867782866,5.5279640387468021
22.936670149406972,25.769513109515042
0.32945835885349928,0.46290821189254838
10.798942202724009,10.380121000041584
-3.9420690420053144,-3.6024869722551043
2.3385082400503796,1.2392571847684688
