856,3
0.004370465608229266,-0.00043280271177417268,-0.0033755487781712105
2.4361123047510553e-15,3.2583713181361202e-06,0.00011329811278945937
1.8295283314183292e-15,-1.2238845652459503e-06,-4.501096423997441e-05
5.7452478614654129e-15,-4.0476178761886779e-07,-1.2846102729962707e-05
2.006232551774129e-15,2.2347631262649333e-06,8.5220973581578394e-05
0.0015506724997500238,-0.0030649154004584742,0.0012075961363237507
0.062643186921335997,0.032561576602947166,-0.056027380413567349
5.495946208609297e-15,-3.8097374864455143e-06,-0.00013570262600753563
0.001128355187220396,0.0021014145210111221,-0.0027588422051466528
2.6725487602683622e-05,-1.2252659163513104e-05,-5.9775573830603114e-05
0.0038065186110747646,0.0012569614148591523,-1.3848557941781072e-05
0.010377962373872564,0.023568875442905118,0.03374387549023506
0.004974808173630503,0.0075129051466150164,0.011586037343607913
0.002448140825006411,-0.001983545760740437,-0.00034773097894474572
0.0012596538785815683,-0.0025561317879057889,0.00066188445983137291
0.0010346851826659664,0.0017479194260637794,-0.0018650536134913111
0.00094215980680205228,-0.00084121378434650132,0.0029436177244399281
0.0025969858213053072,-0.0051119804961412101,0.0038504884360468289
0.0067908964281038417,-0.010801543002376441,0.0063729883248420166
0.0026593749326997225,-0.0053316194379026561,0.0010803182454040942
4.9021123451233485e-15,8.8095727632559823e-07,2.8909840220255351e-05
0.010022146413318668,-0.0042208210047264671,-0.00051429134942532174
4.5478026453511052e-15,-6.5806480217802717e-07,-2.7289064715051649e-05
0.0012926802039937026,-0.002569189843489392,0.00078160016972898187
0.0025186941129806276,0.0047459634756876453,-0.003425523855390071
0.0023419938398552883,-0.0014060759699619397,-0.0010387380798153752
0.0066639207352011389,0.0097557688750597987,-0.010545659902723568
3.6129084546533588e-15,-9.2821235467716048e-07,-2.7535023606870331e-05
4.8007441793513686e-15,8.840841006931682e-07,2.4656644211262883e-05
0.0096909148231360299,0.0017729219642708554,-0.00030541686082876572
5.5354587478478743e-15,1.023945421867446e-07,3.0468890171606274e-06
0.0011759926274012512,0.0025161585706653692,-0.00038365361986547283
0.0092723740952996674,0.0021383488657719988,-0.0043112849811977726
0.00034635220128565049,0.00070195733511620184,-0.0028019245993916517
3.5985501517159334e-15,-2.009270288857217e-06,-6.8955507381355713e-05
5.0133396013112773e-15,6.6237566484376914e-07,1.3509510866667151e-05
3.416094495443271e-15,-1.0796814441416983e-06,-3.3080841303298824e-05
0.0024403904353037052,-0.0012756920846078864,-0.00068089666410815427
0.003756427198522135,-0.0028704877583368943,-0.00011599960841827259
0.01489427004860794,-0.017544429160252523,0.0033619081967172478
0.0024403904353048757,-0.0012735100345922245,-0.00061095782876387705
5.2568645358297791e-15,-6.5892258365133247e-08,-6.8175816949402765e-06
0.0010901926687722789,0.0013140491727388611,-0.0010337851917631904
2.5326036502844466e-15,2.9142163039517706e-06,9.7474103311715596e-05
0.00096992669264936578,0.0017117921600306744,-0.0019977059371658491
0.0017726836156641747,-0.0015497580884828858,0.0016263439849133309
0.0018539502285148922,-0.0033128377094570156,0.0025172136384776309
0.003473350117782745,-0.0037903141070334424,-0.0007337634572480193
0.0015798642750710012,-0.0026715442909776743,0.00069102664999673164
0.0020523384048646391,0.0045893708184678063,-0.0026269069529172183
0.00056155389542147146,0.0020341711274926943,0.0025887936272936413
0.0018798335895708492,-0.0033152367369746806,0.003181009869226641
0.0039785940077744705,-0.0060040980183366848,0.0047927215788605886
4.4595742825192841e-15,-3.0920863799673657e-06,-0.00011249733824671096
0.011865917340047263,-0.020716504211073298,0.01074991495324684
0.0012911562580782277,-0.0025321909891929109,0.00045673295230921516
2.71818781205733e-15,2.2325043885427313e-06,8.1191045026319332e-05
0.0046683861394609403,-0.0031956531034400154,-0.0011617534071556835
0.00074476659264205121,-0.0013923262148740529,0.00023636089057925454
0.0058466851617417969,-0.0023005231671592717,-0.0034269377765834301
5.8045673285830986e-15,-7.978413748341706e-07,-3.0782574293667747e-05
0.0012554706857274985,0.0025674968421695705,-0.00038562527460655826
0.047341289859601988,-0.0028900889650342082,-0.010546629473456252
0.001691126370888018,0.00026984772924701237,-0.0014827149961751979
3.9693078483660436e-15,3.0187403983493846e-07,5.235090353883392e-06
0.0043429408628451772,-0.0021485078739099622,-0.0029587084390254956
0.0024253206681588615,-0.00014870624947620518,-0.00014328091725971092
0.030901800452639683,-0.0030161774746013865,-0.011674790023343193
0.011609155081142051,0.0015723991043743789,-0.0033431870074740353
0.0030909422323673122,0.0057823338102514455,-0.0077701495209420712
0.14986875487843193,-0.094046738216095882,0.16496547760694713
0.0019709601432265395,0.00086209124210160346,-0.0016474292316521282
0.0219087322813722,0.021206266558907259,-0.037912946889029298
4.6898717942969256e-15,-1.5762008110294085e-06,-5.4175937595168038e-05
0.014983771563597164,-0.0043274530124166608,-0.0025244635099747085
0.038095035377026958,0.032168310838202867,-0.085974308784253953
0.029638090518694142,0.014877699357131981,-0.032222951481109326
0.0019890997283830802,-0.0038167925544571458,0.00071151924409194455
0.0017726836156643723,-0.0015485980557893052,0.0016716114555714488
0.0023783072307631986,-0.0010561998590930379,0.0007116776585865763
0.0017209602446750553,0.0029491903472118794,-0.00343127320984232
0.00034090978232987929,0.00083988688704334142,-0.0028541145197051327
0.0064187648672207444,0.0091916022067331654,-0.0088322669157250167
0.0039542865637731336,-0.004780628338508384,0.0012464088216319258
0.0073739827218323095,0.00078754729703599865,-0.0059353977788995579
0.0011526238520420866,0.0014505913113096725,-0.001422284773495888
0.0013377357935238704,0.0052246638005853724,0.015040428199979151
0.0039812878899930125,-0.0069071857412126006,0.0027378664773680312
1.6648718915958958e-15,3.0033621146257595e-06,0.00010606846155864704
0.002402158931574637,-0.0014313307418883686,-0.00067272061540013669
0.0039614845198384921,0.0051141193045890444,-0.0033502853735670143
0.0025425829086793265,0.00013794622781318754,9.7154909963573742e-05
4.8677963957431162e-15,-2.1164030069893886e-06,-8.1974152874141255e-05
0.0024983171324225286,-0.00063564650623802201,-0.0034406979579330666
3.4917026776774039e-16,1.6902257807077871e-06,5.9177913500583174e-05
0.0039177849089096295,-0.0033040296732782439,-0.0021401302896721275
0.0024021589315731252,-0.0014260972407294274,-0.00049044558629670221
4.7981695256974403e-15,-1.9693711662929455e-06,-6.9138696332143464e-05
3.5789055955753277e-15,-1.1948716610795912e-06,-4.6025502154119143e-05
0.00311965408049292,0.005292988996461365,-0.003995571729005676
0.00085142273071513554,0.0014102507998268803,-0.0017296106598189318
0.0041855045931927862,0.0061957085809645519,-0.0063964126357896585
1.6870770326074325e-15,3.3958403320203491e-06,0.00012441186817432125
0.0024834939414328278,0.0048574118049098157,-0.0073772108977157918
0.014222091621982144,-0.01225434557234884,0.0020686022265085304
0.0016789872867791092,0.0055747605527791426,0.0094364585694239438
0.0039313501576550662,0.0044389697446339605,-0.0024225252016217285
0.0084629532011941053,0.0039190482689737717,-0.0099473927819692682
6.3847844709420194e-15,-3.6860490342436928e-06,-0.00012817843699562722
0.001404942735619784,-0.0027519095500043384,0.0013230773353457318
0.017575023672842686,0.0016278163436374512,-0.015058457711839198
3.5015001920128261e-15,-9.8384529172318855e-07,-3.4877841226733866e-05
0.0034419204893474287,0.0059012614931465129,-0.0067631085210084502
0.0011952310871817667,0.0024069459777570131,-0.0031366793541052814
0.0010822799378185101,0.0018381942866627571,-0.0020722366458257907
0.0028032401824910061,0.0047867413131098832,-0.0055317741395200012
0.000947832683784561,0.0016265829977895041,-0.001898813907806294
0.0036097862795806904,-0.0040772939302706791,-4.3042637326500689e-05
0.0010035456964897474,-0.00072465620755291123,0.0028052105895808857
0.0015974285485800329,-0.0031258978856570363,0.0014307373098321982
2.5008791907514041e-15,1.9877423554258238e-06,7.1287630459473876e-05
0.0035488521170316221,-0.0038959732740324244,-0.00039925298000276281
0.016195652834557775,-0.02366222548491613,0.0080375244344191212
5.9974329177606104e-15,-1.3770287182130583e-06,-5.3633804196738051e-05
0.00031217943705164281,0.00065675777355255675,-0.00067583095688250898
0.0040075894191955851,0.0014862331286986561,0.0029843422384906028
0.0082472862581070457,0.0096356358259825827,-0.0065760814498474398
3.4534543729358951e-15,-1.6126283704241738e-06,-5.8867533329297518e-05
0.017674895521505571,-0.019289244069846449,0.013022628940110324
0.0027291242241954646,-0.001374729357089171,0.00020511832922631893
6.6931470066657879e-15,-2.6543184750025948e-06,-9.3950318263351159e-05
0.0027291242241962938,-0.001380032255760232,1.938509681490655e-05
0.019809256923513298,0.014068408246440326,-0.022113496721012808
0.0047912105145284205,0.005905812074337418,-0.0046352629561623743
0.0033158409298134428,0.0038961344840385908,-0.0030293760498515138
2.5185727011683914e-05,4.9153505701398741e-05,-0.00011553137921819224
0.00071364299710796988,-0.00053626854646523765,0.0022511306245941707
0.0010232630374026493,0.0015887658193354077,-0.0019288952670957077
6.9379608678436419e-16,7.9225658430286592e-07,2.6380720981208625e-05
0.0037475923719742419,0.00027239274891675569,-0.0030852318010520597
0.0010722764507485355,0.0013037458763047666,-0.0018426544762804454
3.3540282747938033e-15,5.1737758535896591e-07,1.5375303195723032e-05
0.00101134037474009,0.0017976813675477342,-0.0020208914919198845
5.6674297533307742e-15,-2.9018919244998257e-06,-0.00010157220168844811
0.0012470091940038777,0.0024880682174325051,-0.00046175368481968937
6.2377328761906506e-15,-1.8138969949396835e-06,-6.5573382452573602e-05
0.0017345138745029063,-0.003090162188310173,0.0021666996030611364
6.9642415887176926e-15,1.8257432427894086e-07,-2.4333830322573e-06
4.8228958801863206e-15,-1.4520292666997272e-06,-5.8377688502887617e-05
0.02928462575679542,0.014471716956161037,-0.017372256873541575
0.0014795313899445893,4.2545365429201534e-06,0.0017784415064544333
0.0035847905352334808,0.0043644200979266025,-0.0034414771668592409
0.00042639263428800395,0.0011689764285599943,0.00089144814533185428
5.6761102253667823e-15,-9.1613575987992659e-08,-3.0834144409339757e-06
0.00044250864015953566,0.00032884990993228776,-5.2221018217877856e-05
0.002133080197954352,0.0039439290061980253,-0.0047218451901647326
0.0042772728457605219,0.0011705209559136058,-0.0016024523566120963
0.00035429234608723643,0.0013718567281622064,0.0026545437510754671
1.9167285923072893e-15,1.2258183605146546e-06,3.8725394176577588e-05
0.0011810235400140023,0.00083095369174160936,-0.00084131836815268095
0.0059360113398667178,-0.0023329573653501586,-0.0022851658925892799
0.00075686508089768255,0.0016266837831701545,-0.0062489747999124497
0.0014875537781164697,0.0032628827486661932,-0.00032222891818055977
0.0015843577436622529,0.0030284099814114917,-0.0017082257842729173
0.00071364299710661582,-0.00054034407751936311,0.0021131864592570937
0.00010958330579962973,-9.5474820655579297e-06,0.00011000309128925214
2.032062725569022e-15,-1.2372451229623844e-06,-4.3903740577516144e-05
2.6372048595654684e-15,1.3795743009854714e-07,6.9449838924503992e-07
0.0031030568532354748,0.00028995770706805556,-0.0033331629553594888
0.013851686856374161,-0.013803846096011197,0.0059237552360319069
0.0028750953608449709,-0.0051633531649878861,0.0011631713318858003
0.0033939207267319142,-0.0063571728460321093,0.0040910819273560876
0.0054780311707781255,0.012616295419887199,-0.0007143349539404459
0.0017791899242353324,-0.0014869290394040544,0.0015916594523452377
1.0093116326407905e-15,2.3279685374635516e-06,8.006335300360864e-05
0.0011283551872165857,0.0021051295179661152,-0.002613711695851307
0.00032514709381506555,0.0015234522726611528,0.0044273302520056639
0.0018539502285195161,-0.0033128383069290926,0.0025003655803026987
6.9894893693150684e-15,4.6264727736140937e-07,1.1327171520755969e-05
0.0021604317398036489,-0.001244921118953963,-0.0011548995389195759
0.0017345138745054826,-0.0030905801780282509,0.0021474267137208346
0.0043298062840907434,-0.0084303646322140321,0.0051768120745085107
0.0080728528583163799,-0.0088835193469647394,0.0045590182204705018
0.0045970640790420902,-0.0058891011019839542,0.00063099276895048936
1.7128460350897498e-15,5.374212764824899e-07,2.4215545109729261e-05
0.005062257763773787,0.0027726167694647405,-0.0068149717652577933
0.006181377204548079,0.0082057786470171035,-0.0097104773790216911
0.002688894998757949,-0.00050878985531363464,-0.0034773217890187833
0.001275185013642882,0.0016407617268935659,-0.0011376991156106123
0.0011283551872189922,0.0021023132177588138,-0.0027249635281222139
0.072035702480560626,0.1386053993372679,0.28404623053288819
0.0015118904494753982,0.0019798022893538101,0.00025593782763063967
0.0064347351963031955,0.010862736011942197,-0.011378657549779797
0.0020846467040838423,0.0028747400051974976,-0.0024909451183578262
0.12015240345811644,-0.089415942414205404,0.12569933333472239
0.002520481555022477,-0.0019197309392541681,-0.00022616317797422754
4.9943673517055216e-15,1.6876949276109844e-06,5.1127529274163227e-05
0.00013662465244237482,5.0859138737796617e-05,-0.00017168411673456287
0.018547204605989531,0.040556643450552592,0.04856144719904313
6.4681968170254014e-15,-8.3720409137624623e-07,-3.1934141068913193e-05
0.0025095693847378381,0.00088652553937678411,0.0018480105311996257
0.47771078052837318,-0.45397066420222398,0.077072740518433172
0.0010566697694907301,-0.0019856851973543543,0.0011265590876780029
0.0013378471543244114,-0.0026376820072930135,0.0004692199380559497
0.003024592175439701,-0.00092444254317303166,0.001770376809665516
5.190612070180802e-15,1.6585603570257241e-06,5.1741129248359978e-05
0.022426958280834183,0.024671153936932116,-0.017192398794767649
0.00047991653672492312,-0.00040517341732289959,0.001757344170163006
0.00013534010686665213,0.0001952376584105413,-8.9838013771675209e-05
0.0074385327789085317,0.0056488152350385014,-0.013743302469246904
0.050617748805424259,-0.048554278104375966,0.01952335788126033
0.0084941863909779626,-0.0049005690170003573,0.0014807183736630166
0.0011526238520446338,0.0014532123439403928,-0.0013348698467690481
1.3057712848744598e-15,2.2419128871704136e-06,8.0361628329146469e-05
0.0012149390082258193,0.0024605834143966846,-0.00019755719578966831
0.0167104915361612,0.048111575449790049,0.096138220019113291
0.00015187577499674827,0.0003050996214038216,-0.001337826617123029
4.3559503234048523e-15,9.2379865794771345e-07,3.0494113545010633e-05
0.0026345685005223223,0.0034303404105740891,-0.0031043003349583097
7.9524326782022071e-16,4.168633441170256e-06,0.00015378771458534045
0.005202486586671236,0.00088726223297643902,-0.0010104527746768862
6.8717564732615368e-15,-4.4168415580496632e-06,-0.00016530535839326291
0.0014493545397819148,-0.0028327756952300637,0.0010929235309125515
0.0026605410364135616,-0.0015176415704372898,0.00030710626422017273
4.6199072653098143e-15,-1.0903978802425385e-06,-4.1341105602659724e-05
0.003429455071894703,0.0054612917901165443,-0.0046259667808072951
5.8943283761687873e-15,-4.0726806687164608e-07,-1.5495768631758176e-05
0.0015066334408379105,0.0017592025010471919,0.001105790695335569
0.0024016537946557315,0.00081796780220679747,0.0013067864749529115
0.0036681128504142927,0.00759718744122249,-0.0064433822601355851
0.0020515586204161011,0.0034438235643609034,-0.0046196799462740624
0.0037810399492984718,9.338265494102834e-05,-0.0014819819370020307
3.7164589359849834e-15,2.0793519273634578e-06,7.0729337794097618e-05
0.0096509145657712927,-0.01377659498447416,0.010085957263339192
0.0010346851826673767,0.0017490547045934631,-0.0018274535558314134
0.0018419981843195887,0.0015668053176802739,-0.0004317755754457662
0.00090631918023444352,0.0016838978851192988,-0.0010374408283716312
2.1464550181645095e-15,1.6050964318214292e-06,6.2715861903421611e-05
3.9639384069343695e-15,8.3492780624227946e-08,6.600237924452534e-06
0.0021355029634653752,-0.0011514748543975239,-0.0011639761128026567
0.0079505421330663042,0.0013977792894037608,-0.00040781485671382753
3.5033421959385305e-15,-6.0797521146829933e-07,-1.7562771056344552e-05
5.76966803413287e-15,-3.5549336906076814e-06,-0.00012248904838885638
3.7389937705366618e-15,1.7400918391566549e-06,5.7367841898165936e-05
0.00158435774366097,0.0030307461663922511,-0.0016263689078217644
0.0018905541124286346,-0.0033488642680370357,0.0032705878665144697
0.0083585103067919855,0.0017973930645145376,0.0013793607330805536
0.00083071660303328076,0.0012502705832127825,-0.0027819757232118779
6.078907215794501e-15,3.1142802112279251e-07,4.7307722925840474e-06
0.006998513450273895,0.012352199986746297,0.022798773203222458
0.0010722764507499058,0.0013021810514875264,-0.0018980913417262213
0.0064733740342480832,-0.0016517606525326166,-0.00056188773177809543
0.002729124224191751,-0.0013740604856616978,0.00023797155463141788
0.0054230760501270949,-0.0067329806536592244,0.00021678202472707352
0.0023292514556013865,-0.0013359950501286634,-0.0010974035091679273
0.0020515586204125787,0.0034445130641919705,-0.0045962380761010386
0.0048174340526655835,0.012110750818017471,0.0086566676565780765
0.056764091573299751,0.13350492866798941,0.23561944727020484
0.00072230133797474819,-0.00033539310042874488,0.0020435342076797029
0.00050626052803001481,-0.00035936530567481586,0.0017271166620136092
0.0045972438670752198,0.0085167809935086467,-0.0065027424330136151
0.0025227286586063163,-0.0010093399916861999,-0.0025151733009375378
9.7104951821992355e-05,0.00024570884236893657,-0.00030576248878452864
0.00070956273792535305,-0.0013236961943906746,0.00014789885880055816
0.0018607800556042025,0.00043319510672870523,-0.0015829928722515265
0.004231541160743613,0.0015246543461469178,-0.0039590802491464719
0.00010958330580239232,-1.1849951336100218e-05,1.8841005822682395e-05
0.0028594576873972937,0.0019048232597391609,-0.0038135452615055648
0.010848266461015041,-0.020998416749252666,0.011505740591854569
0.00050626052802926833,-0.00035395274164759429,0.0019092359567113818
0.0014620027921358508,0.0021830336346515965,0.00015031874494141203
0.027155456286558834,0.0089736174567075031,-0.0067340269935556706
4.3189953947934417e-15,-2.4812632695061152e-06,-8.5109981403470441e-05
0.00035429234608546202,0.0013743977832474013,0.0027443721532895544
0.0043575665042529313,-0.0047367345917303637,0.0017550643338372308
0.59792910671357036,0.49194275570612511,-0.3553564158325741
0.0039000707542388362,0.0044503005826271157,-0.0052382939398194529
7.1163578531212719e-05,9.9494819155553522e-05,-0.00026927213698113491
0.003024208586591495,-0.0055180482258604894,0.0041413626518421011
0.018822089865642048,-0.018756863077474716,0.0095745513192089099
1.7064039839041812e-15,3.1835439465971532e-06,0.00011500641664051757
0.038067912774060186,0.025660965990365124,-0.052538127135476023
0.0052024865866713661,0.00088364046071648101,-0.0011307571376584695
5.6315225055468762e-15,2.9646398800306156e-07,5.1890476653903003e-06
2.7798558582788819e-05,5.8375053380175723e-05,3.2646323654407459e-05
0.00027658213439449677,0.00029902507570206768,-0.0012493322260402444
0.0038762694565938533,4.9965934025878756e-05,-0.0025696812197565527
0.030633795117193798,0.028179200670917337,-0.014859939582945989
0.0017611106116681284,0.00098564218176541447,-4.1975110788461837e-05
6.6344188296600236e-05,0.00011630760207872121,1.7812909188909474e-05
0.0059664489974781991,0.00044606904876915311,-0.00035568054839946634
0.0039572755874997265,-0.0048093348587598334,0.00088528403769776338
3.2990499856646838e-15,2.8032649303090624e-06,9.6458028935058278e-05
0.0025186941129824573,0.0047467233078120358,-0.0033974889011985261
0.0012751850136384396,0.0016442173825931721,-0.001019370037316659
6.7756167395348458e-15,-3.8948565775434065e-06,-0.00014642037348365974
2.2080918023124827e-15,2.0928526922776966e-06,7.4645868785892661e-05
0.0094695453127817426,-0.0044919974307657939,-0.00270950739130877
0.0025186941129844852,0.0047450291409584172,-0.0034566103799446427
2.3939466313627671e-15,5.9143422528305069e-07,2.7969290689959242e-05
0.014853620721434887,-0.0084837823194522221,0.0080250447524398711
0.002231294460742439,-0.0012341441944050816,-0.0013061276016036526
0.005377789997515316,-0.0010172387701304431,-0.0069417902753734408
0.0024834939414332398,0.004857589430747317,-0.0073694116007411445
0.0013430987392689564,0.0023463181135061286,5.9679233059539416e-05
0.0069767559113796066,3.4289436345476634e-05,-0.0057435279877991819
0.001620079419603135,0.00021933269085443825,-0.0012962111350122002
0.0020979971051067361,-0.0011492256930541527,-0.0011563634966070045
0.0008307166030357638,0.0012444463992503552,-0.0029812649249140841
0.00083071660303581172,0.0012441927250305275,-0.0029959668101355698
0.001720960244677408,0.0029460640852753146,-0.0035486683374171472
0.012404296402140696,-0.018850435446246275,0.008226204728034375
5.2714444240558348e-15,8.0934728582634091e-07,2.5555879507099648e-05
0.002747199354227505,0.0054138252492803912,-0.0048869868390108498
0.012945696623130984,-0.011720235501783072,0.0094775742255030042
0.013720102407912873,-0.0073735927958491531,-0.0056610151132630371
0.00027991841054789189,0.00066763804918301836,-0.00068798477727058198
0.0046789044829501818,-0.0086680755670862399,0.0034058992608986672
2.2917117333127433e-16,1.9155200438353821e-06,6.9838783974316798e-05
0.00095356527165888676,0.0016905025140030374,-0.0020437968885762192
0.029797795338819124,-0.015501167918244472,-0.011426785260702118
2.129127958924633e-15,3.9412727970808461e-06,0.00014084725487397673
0.001974171454559154,0.0013050473863652637,-7.5572571154408424e-05
0.007670056822109029,-0.0066420736137525298,-0.00094431310260551741
0.0025186941129837627,0.0047437570180740409,-0.0035038407595476277
1.3567493883490732e-17,3.2165129636156144e-06,0.00012063815912750458
0.0015066334408377032,0.0017628989454780476,0.0012379227682283625
0.011125690249963599,-0.010770333464976042,0.0015705066378100953
0.0011526238520444751,0.001450102311086362,-0.0014458837386861296
0.001599446947414817,-0.0032069886971941202,0.0014530346354658605
0.0038762694565905816,4.8179933716207732e-05,-0.0026286736880601711
0.0011945057265613462,0.0017929553073590169,-0.0019585311118552537
0.0069552012623844877,0.0058567262619017785,-0.0069488161023037376
0.00016498337856879678,0.00019259083730913842,-0.0007642828485244905
0.0017239862417604357,3.4433344881700767e-05,-0.0012471973022648998
0.0012470091939983663,0.0024880257725145892,-0.00044487998299450911
0.0068339786736174805,0.0015655377350032153,-0.0048217657081375976
0.030256811642824712,0.023380299922013133,-0.014342527200940513
0.0034347208501228923,0.00079401734497141672,0.0024322097202968125
0.038344005323092477,0.019271196567227415,-0.037174260541319969
0.034812078494051026,0.041619542016220264,-0.043476146380359376
2.3515524097863564e-15,1.9153012065177879e-06,6.8245178320805775e-05
1.9738700097685025e-05,5.4974935575330009e-05,-7.3972763920064036e-05
8.2513488726103221e-16,3.6992133519774206e-07,1.642608456436153e-05
0.018315908993175648,0.022758187403125636,-0.016866682943120888
0.0015843577436644191,0.0030299400605984885,-0.0016614536560323444
0.019388041704376819,-0.013001838626897147,-0.0080840272398797972
0.012409674389524275,0.0031547028434336091,-0.0094072645320691928
0.012431506688426098,-0.0054969058659584792,0.00033839296589241994
0.0053954450089388449,-0.0052601758884478602,0.0022465349819489337
0.0035931473946329224,-0.0026827724055995187,-4.4630474451702296e-05
0.0042971487613752777,-0.0020277542537812361,-0.0016210128524027834
0.0087004162074068962,-0.0038352938074350889,0.0046281217081744624
0.002335799310182103,-0.0011251457653483248,-0.0017687447805925112
6.7899313399756689e-05,0.00016214756609740795,-5.3044484876969002e-05
4.3406293913872969e-15,4.1137464774163757e-07,1.0744096702398216e-05
0.0012195929857221144,0.0023961127090208556,-0.00030774680231454934
3.9048228677841715e-15,-1.1052330845393557e-07,-1.1161247533131166e-05
0.015474476619449439,0.016867117017431939,-0.0059561312081905654
0.0051797907328543277,0.0065577448034452217,-0.0028751289988447493
0.0015772730340439876,-0.0025738649055102548,0.0024224721810702176
0.0011079593968114998,-0.00044222328276350125,0.0025293212146742941
0.00022796705511659958,-0.0001668881118743835,0.00056838137782141876
3.4346619257264988e-15,2.8956043821265182e-06,0.00010281814028108761
0.0027693557408032554,-0.0025102301788901601,-0.00081521501764994335
0.0011862328560207187,-0.00054381494342256966,0.0030472124387219282
0.0022844441283541863,-0.00090023791796401732,-0.0016087612057454992
0.0041285875639349382,0.0041405572721686318,-0.0047177475735137551
2.516672875328798e-05,4.968698212171313e-05,-5.8382927688134202e-05
0.0058497978419500447,0.0003548598897417852,-0.002907238719703303
2.5489239081539717e-15,-1.2524926707065436e-06,-4.0205940873889059e-05
4.6033934707615807e-15,-2.9349621148270448e-07,-7.504314950651058e-06
0.008476765264415714,0.003053499873262385,-0.0078455306449673242
1.4917624429842259e-15,4.1179550128959373e-06,0.00014585195346356687
5.7571968632802867e-15,-1.0478267048114157e-07,-1.4094619677667048e-05
3.3035182873508718e-15,-6.3666047324958223e-07,-1.626807025821021e-05
0.0066055183214602017,0.00045992825070566024,-0.0055204122466054545
5.1351965528952829e-15,-2.6174454932883333e-06,-8.9924368089118283e-05
0.018120591278789473,0.028186065717610054,-0.04861819812915457
0.0015843577436625708,0.0030288620682746574,-0.0016941801622155825
0.0023419938398609157,-0.0014153654903763372,-0.0013610238363009513
0.0010104239333674479,0.0017872373015635325,-0.0021570465012634879
0.013768831273891224,0.0091636455243318937,-0.015273994212264554
0.0069583026110333424,0.0050176167208547499,0.0082099485875859017
0.0052804844006737539,0.00095777598346990199,-0.0019441412260302947
5.9619787200973803e-15,-3.6317468694567904e-06,-0.00013112402814213843
0.084206823143436235,0.22460820969763401,0.44799780932006877
0.0078460047590299346,-0.0032247933454322216,-0.00014094644179112246
0.0014676897282503289,-0.0025611973716684563,0.0024226187959997003
0.034172772601589359,-0.034072314219959564,0.011274086550615235
3.135347474425735e-05,5.0710041912782341e-05,0.00014026952505129532
0.0023015400075901168,0.0043734172327539829,-0.0023801670002149165
0.0013360275872095924,-0.0026625498394972349,0.00072676437789520793
4.1916516882759191e-15,1.9070806462197523e-06,6.4493269986949444e-05
0.0081553002914981406,0.022980767523379547,0.026563187618007345
3.3317103813069306e-05,8.3163649151898417e-05,1.9392274139823072e-05
0.00067611538620609003,-0.0010851633942201727,0.000515427854481457
2.5166728754714539e-05,5.026714518091451e-05,-3.7920063268076301e-05
0.0041034473847031258,0.0013976223744813481,-0.0038463138241767105
5.2272979783483279e-05,0.00011680087983630718,5.050109707037219e-05
0.0015994469474151158,-0.0032064027390041245,0.0014678495763578425
3.3434837633389746e-15,2.3282363703497437e-06,7.7590507070646073e-05
0.0095543322251688389,0.011215508682626288,-0.0077419206799688471
0.010660157946512854,-0.0077476213442254161,0.004731186625571618
0.0018169074154302199,-0.0034460287352672163,0.0024987710225930016
0.006711621349160788,-0.0019402103067415739,0.0001675654607406551
3.6639107490728422e-15,1.4633095365555087e-06,4.666859259121512e-05
2.9847588705671932e-15,1.2010433084372752e-06,3.765704395387546e-05
0.0029914817119955067,-0.0028049299484105513,-0.00085355947305543872
0.00010604635387168682,1.9236705643667779e-05,-6.5229785850906276e-05
0.033580558451483986,0.013260047675855648,-0.032948904116071438
0.0082340180063148125,0.0030664459024498597,-0.0059487484252933572
7.0208859924705385e-16,1.5469228373564269e-06,5.6797938301327042e-05
7.3914279765347329e-17,4.6473658585630416e-06,0.00017147628564755473
0.00095172524915808506,0.0015665582831916069,-0.0017679093191418952
0.0011759505657138072,0.0015806990828063873,-0.0019265370202521126
0.010702378292838308,-0.0025484048805591839,-0.0082277679185055446
0.0024021589315721711,-0.0014294561511902658,-0.00061469427698815718
3.7803717458350692e-15,-2.1677946186223917e-06,-8.1617476733588588e-05
0.00098461149003172986,-0.00078129849333125772,0.0025929691260694501
0.01428055243553414,0.016658312224749103,-0.012466376161441164
2.4202166828168984e-06,-1.0481027619383828e-05,-8.9977126590822009e-05
0.011460765257938989,-0.011065026285394517,0.0021259446914130915
0.0053958394464587271,0.001599857045117444,-0.0037013318992519043
0.012954590346867146,0.013317970251119464,-0.0088641445721170352
1.3711592016778158e-15,3.2089267121557772e-06,0.000111223591883995
2.779855858217284e-05,5.7135872419889471e-05,-1.4997058820250005e-05
0.004186633806487052,0.0011226423956118942,-0.0026176338488122118
0.0041576293585020661,0.0031576584213093527,0.0011063999737173896
0.00095356527165920606,0.0016880412472125178,-0.0021355276459813256
0.00248349394143077,0.0048630185319570775,-0.0071807143335205961
0.0024834939414350894,0.0048583309116478597,-0.0073536434435221201
0.013632675831481401,0.0026690935897070341,-0.0084991774144321051
2.3509757405310945e-15,3.4621494751533679e-06,0.00012249668285542752
0.0012596538785823363,-0.0025587758038320505,0.0005692603957025259
0.0015066334408366324,0.0017647718469292455,0.0013057735703103906
0.00083240009149030748,0.0010801788906418508,-0.0004839332181850523
6.0477661499991109e-15,-2.6526397105252918e-06,-0.00010127021653680851
0.003876269456590504,4.8900757707673842e-05,-0.0026043863683320621
0.0012940939784032788,0.0021898549440356198,-0.00043083399356465708
0.0052024865866723054,0.00088370746196008061,-0.0011341818009942362
0.0047206647643815349,-0.0032727706762334828,-0.0012413711727678252
0.0019741714545587655,0.0013076003170907514,7.7775577984514968e-06
0.0017726836156635617,-0.0015461002191315381,0.001754232508808807
0.00094783268378673927,0.0016255888134156815,-0.001936394211621011
0.0028203528997808149,0.0047872978585494861,0.0083512021125379428
0.0057588671120983054,0.0095714040274357051,-0.0098379472887183891
0.0012470091940007062,0.002490783672303589,-0.00035642357597241486
6.0077683755680434e-15,1.1518639561540266e-06,3.5085833252201294e-05
0.00041703816914085752,0.00098673427123098728,0.0013844622865425381
0.00035906306812828498,0.0011346417347597884,0.0011655958467346511
0.0009013476087984711,0.0014495109566326706,-0.001746464805057707
0.0054384476314474437,0.0027985311607937376,-0.0057471659417013118
0.0017908904539621518,0.0032693607137674837,0.0061757848638801672
0.0026888949987622286,-0.00051407441646055083,-0.0036626507500775929
0.016714706000001276,0.022450923844433576,-0.046552855967630612
0.0029146252807947396,-0.0055002895385508968,0.0043196811943907766
0.0018111596753510823,0.0037242406261463281,-0.005853652322442976
3.6479801883718571e-15,2.2608083273090894e-06,7.6178494694977299e-05
7.0562470137056502e-16,3.9908822784195774e-06,0.00013666312271375398
0.0051796117602337429,0.010594178465050334,0.012373399045970493
0.00013956053658567631,0.00026916792453976154,-0.00044062178419547492
0.009676117330942471,0.020053253262493232,0.02621690923074585
7.3648052992743613e-16,4.3852007933432624e-06,0.00015910016193936249
0.00031217943705363996,0.00065650715437185706,-0.00069159974782347252
0.0015091347625012176,-0.0028311676586335126,0.00102996454596122
5.5461302408268209e-05,4.4946969364619661e-05,-4.5353516831123504e-06
0.0029443560528607726,0.0060663531373752145,-0.012569455168028099
0.010690899230965216,-0.0098715165207160834,0.00026012580822510451
0.0030338399192136908,0.0028510850576889059,-0.006459431354131572
2.5288862448104011e-15,1.8208756899069934e-06,6.9598270385386789e-05
0.0012997676769703802,0.001391462456497524,-0.00092640485416837246
0.005202486586668901,0.00088692355473804128,-0.0010150639059883372
0.0077525389131807079,9.8554906418221342e-05,-0.0051875055594007534
0.0052356195392832894,-0.00070553178767844907,0.00074906356338403399
0.028539995468644878,0.055339728883058013,0.090265537919351935
0.0027464483380890271,-0.00065466872552403903,0.0016559254085280169
0.0016602558055423076,-0.0030746848414210017,0.0013159259845840706
0.042096867019089518,0.088608004336493698,0.14076178374841844
0.001141542853357697,0.0021191076780550286,-0.0032708535416788175
0.0022890026886797418,0.0037651847472991609,-0.0010005624035230505
0.0015947602089643911,0.00010218119494489442,-0.0015695482350595294
0.010351844235964755,-0.0017302100561982685,-0.0057215077769422603
0.0060119714600402807,0.0024976641871009022,-0.0063456080206181868
0.0036205778608043677,-0.0034686111557836459,-0.00049687446800869832
6.0524584261225404e-15,-4.2276603428389062e-06,-0.00014661778360548007
0.06097280738649976,-0.06640853045796051,0.031540657655586862
1.7325027025830007e-15,2.7074054131651589e-06,9.4876320083258066e-05
0.0015947602089661913,0.00010479992586277903,-0.0014785440523403402
0.076472824280292992,0.059154078273709519,-0.043885154382779769
0.0057974111226014461,0.00077738186812400015,0.0054875998171875365
0.00050626052802969876,-0.00035442001483148298,0.0018998625935801956
5.5461302409937996e-05,4.355682315649576e-05,-4.6684742572747841e-05
0.0010478759296181489,-4.9529774937467038e-06,0.002098769949046962
1.4794070963732139e-16,2.1060649800965834e-06,7.5499443380705987e-05
0.0020133013896648146,-0.0033317472718444124,0.0029148298992285868
0.0063589105173229724,-0.0077179799499100732,0.0041441668701605941
0.0064707345673040125,0.010037975280931609,-0.0032233693852108019
0.019171891201990601,-0.0038659938523707715,-0.0066583122810518185
0.0015947602089624582,0.00010599924015456041,-0.0014321742618389794
0.0032291635394101591,-0.00023922398373689611,-0.0026990737439913128
0.039655139765301259,0.071824118636334727,-0.11749903224176614
0.00015298335757943601,3.5203746649356541e-05,-8.5494693735856839e-07
4.8154852141697323e-15,-9.1276864856316728e-07,-3.5083808086321134e-05
6.8549300468848667e-15,-2.8091484006276977e-06,-0.00010054648602814203
0.0052024865866725899,0.00088193412538034642,-0.0011967479591371291
0.001526190859529623,9.1422421289507559e-05,-0.0012369572850147378
4.9041647887568163e-15,-1.2550764639924394e-06,-4.6256625444353879e-05
4.3526483624516272e-15,4.3749225340962254e-07,1.7725413950386759e-05
0.012004054861013875,0.022539769974770685,-0.0020354659843377578
0.011130228449482771,0.015136722333008482,-0.013473809990428487
0.0024276577875537763,-0.0014274264455144657,-0.0015010567653627694
0.057417758793738644,-0.047212548448365747,0.018986777261152905
0.0061467786308262318,-0.0053012619119417259,-0.0012969790476302537
6.5146726333782473e-15,-1.5697696513845338e-07,-1.0215713077004246e-05
0.0049212699436624839,-0.0037853793706819072,0.0042130556252601295
0.0015843577436671441,0.0030247303881499035,-0.0018516926132042541
0.044792200250078622,0.066085234395931128,-0.14567593190967418
0.058101718086664152,0.0045418243900676517,0.0014358610338207174
0.0038762694565904515,5.1113659539770295e-05,-0.0025303478692794913
3.1431287328943935e-15,1.3324333584926088e-06,4.0157037600740137e-05
0.0001095833058004879,-1.4540493002368792e-05,-7.552129273685682e-05
0.027221994964774621,-0.029818170902190098,0.01798952418268809
0.00032514709381710401,0.0015258646255396334,0.004504063763518802
6.6634207620038592e-05,0.00016224735765935764,-9.543221138078972e-05
0.0022461465242162226,-0.001307730371391124,-0.0012503859580381455
4.9405931259285346e-15,-1.9232771875771858e-06,-6.8205782470672933e-05
2.5694038184723255e-15,-4.9447388010895226e-07,-1.9607541805919256e-05
4.7572298063414479e-15,8.5768294388591432e-07,2.9416298217056756e-05
1.3186622541121329e-15,-6.0109347617451166e-07,-1.6147700455174772e-05
2.9885388563647515e-15,1.9579677620992463e-06,6.6517292341029829e-05
0.0056348481893674779,-0.0035236556345156845,-0.00067983353107101954
0.0046099593445792881,0.0038903957959598185,-0.0042169431489099589
0.001206906470707702,0.0012729256708088289,-0.0018234818401094189
0.0022230768338044075,-0.0012441253683839872,-0.00093809609827317196
6.1961550084009476e-15,-7.1277534809591877e-07,-3.0233547450934899e-05
0.00095788870374252059,0.0010810280665993809,0.0010000280517400029
0.001929739955364241,-0.0033911216833707627,0.0030338766417698287
0.0066171136281662811,0.0076850380894724233,-0.01670567481211483
6.9292630290086665e-15,-2.3300208635648445e-06,-8.2073089346618413e-05
0.0040583681279673569,-0.00053696654773386537,-0.0021362418622301706
5.4801014344013364e-15,-3.0550721730064628e-06,-0.00011214161841828195
0.0049906800252637528,0.0012512716791397798,-0.0030550236243856565
0.0072785361704741664,0.0042540066439192593,-0.0064635335235164633
0.00015972629383073633,0.0004126804789938897,-0.00050338201869867816
0.11477725988456494,-0.13209703362992523,0.077101571281004436
0.0096008096504774307,0.0028073312849362423,-0.0022378409618534129
5.0884653207785888e-15,1.6394614322137723e-06,5.4178551019285655e-05
5.6966511878890719e-15,-3.7878528193227571e-06,-0.00013472484566922092
6.5324835838140267e-15,-3.2366937120663196e-06,-0.00012215581906058394
6.7899313402428976e-05,0.00015927419933674082,-0.0001618452576077239
0.0014620027921400506,0.0021815547392752253,8.8514895180703991e-05
0.026440964524958296,-0.0099120362824786958,-0.0084820437981360242
0.004373835062676355,0.0062051163073925161,0.010520805313969523
0.044387995613953471,0.027078286709703876,-0.00033736077469730677
0.0015366938158756168,8.6858111196712293e-05,-0.0013483323442598908
0.0012633707557018184,-0.0025403125730321672,0.00049031983268586331
0.011500861678789425,0.012065352656050842,-0.010062149504667892
0.0019309238748319796,0.0058441146978305269,0.0086339104121283469
6.2343737438958571e-15,3.3679795695246636e-07,1.1599710769829928e-05
0.028894519951152376,0.046539297109250255,-0.10018912310127805
6.4667366715464321e-15,-2.7493531906840868e-06,-0.00010530512100604353
0.0020605307535166194,-0.003562073749584439,0.0033577876133539537
2.3474494457844465e-15,2.802210004428483e-06,9.7081045179420427e-05
0.003654299226757007,-0.0033387813866471413,-0.00010091136591764441
0.0020979971051045768,-0.001148426237551805,-0.0011263820477919542
0.00185395022851626,-0.0033123868371016359,0.0025235007758416012
0.0033605979739643093,0.0010949879174383416,-0.0046986489239106847
0.00060892400100481835,-0.0012655391616796931,0.00031537338609210423
0.00050626052803053262,-0.00035680377102952131,0.0018145825285870872
0.00077185946793128938,-6.1303249312153258e-05,0.001271283592337155
0.0078081148679552889,0.0028555039657521364,-0.0042455367473447671
9.981173018111728e-16,4.4748790810387661e-06,0.0001526616082893397
0.0015265432062202381,-0.0028228688006687757,0.0011915282098210723
0.0023015400075940095,0.0043733923898719674,-0.002391523759852895
0.0032887682378776643,0.0044138515572865883,-0.0045453065858228432
3.7181770556091053e-15,-1.7705552355087421e-06,-6.0645233567659625e-05
0.0052617314356017183,0.0010042792384878125,-0.0010165619094302766
2.4564670399745876e-15,2.2052631725007003e-06,7.5857005332686416e-05
4.7578792051185098e-15,6.2508165581329362e-07,1.2728547757889335e-05
0.0078784378544936896,-0.0089466188484050718,0.0018586691961123964
0.0021476189992332743,4.8238220907154678e-05,0.0030072064071583102
0.012274253284977041,0.013937783430171295,-0.022833626658599435
1.0020906334540649e-15,3.5533266684553358e-06,0.000129261510287693
0.010658929935341011,0.0014833314586372916,-0.0055898580145971044
5.0774159041506314e-15,6.0829009728452539e-07,1.7530134664585106e-05
0.0027600760758245638,0.0051586719300457254,-0.0085506029910550774
5.602066950062726e-15,-3.2446799014524561e-06,-0.00011304032184292911
0.0010113403747376776,0.0018004146492420388,-0.0019199267744053263
0.0058130292961953746,-0.0089775019930209039,0.0086441000653160634
0.004716826512951966,-0.0035529129553554554,0.0029449473682573125
0.0026888949987577395,-0.00050623290666708658,-0.0033832058813259122
0.0076062490871105287,-0.0011378473383924386,0.0057941925723102635
0.0018056657323442349,0.0030125930730782778,-0.0035041469765601943
0.042033296008622607,0.023269998187029149,-0.032639237678907126
0.0015066334408352978,0.0017634645566788352,0.0012597030353956097
6.5845255015607878e-05,0.00014898325275472464,-0.00050543844125153486
0.0026888949987595675,-0.00051196260185823591,-0.0035837080911348658
5.0693050845911654e-15,4.1488087724378325e-07,1.0714201188920945e-05
0.02031097862516636,0.034624689251318064,-0.053873232061912663
6.0682691346595202e-15,-1.6250783968410416e-06,-6.5338358085316312e-05
0.01376883127389205,0.0091619891308822345,-0.015335674407830407
0.0066854736082899782,-0.0015290861781539981,-0.0012628432141129384
0.0026020831182442159,0.0032925637252414863,-0.00082382768748591169
0.0019903449811833791,-0.0017622296893905008,0.0025565075584333165
0.0028638342918854004,0.0092767020735710411,0.018962688217045161
0.1020520537287451,0.04914671996915105,-0.14285933698138548
0.033983934637240316,0.03641295187402812,-0.078301294459078949
0.0038317613699081279,-0.004460064905038863,0.00088215260729056601
0.016284421202106228,-0.010348358846737056,-0.0014747795430137486
0.0024276577875507873,-0.0014234519688830563,-0.0013663149714940952
1.3682942931943423e-05,7.0714278579543663e-07,-3.1464288286878841e-05
0.0048022670461561057,-0.0082788640467418122,0.0046235607928984757
0.00047991653672370345,-0.00039943203979449275,0.0019586177398996608
0.024663077265972739,-0.0014109582080704256,-0.00098654892701142386
0.0015994469474127221,-0.0032056492559307923,0.0015026571319408156
6.2310726283897322e-15,-8.7417381084913507e-07,-3.1301933933219942e-05
0.011099726741329009,0.002703284313324283,-0.00019725191465242938
0.03697893602163236,-0.003221193087837386,-0.014763679747458918
0.0062061137064647583,0.00058488997810008379,-0.0064962911838197177
6.4300892879947728e-15,1.4753194648151932e-07,4.0008954870934078e-06
0.0038639598507685317,0.0075127027131006588,-0.011304476665088417
0.0012926802039935998,-0.0025711075986457879,0.00070691470919450727
0.0038633218283063201,-0.0049127443502834916,0.00053253524963989946
0.0035652876329040099,-0.0038979385566577291,-0.0008315679110117674
6.2826546429347574e-16,1.2183343307886667e-06,4.2139674018869239e-05
0.0093785985594023458,-0.00056978528029901876,-0.0039748864113108573
4.5663894147993404e-15,-8.7570478469905092e-07,-3.3267392987871417e-05
0.0023015400075911169,0.0043768513756129671,-0.0022673588756038053
0.0016911263708823819,0.00027378038434307418,-0.001338402640796761
0.038596681545039369,0.11249970638836328,0.22073351752804543
0.0016055823670551134,-0.0030889842123150873,0.0013082782187546502
1.6680642541899508e-15,2.0292519905672151e-07,1.1262042207854745e-05
1.9742915279181214e-05,4.4721720015085539e-05,4.6448315761628888e-06
0.002518694112982809,0.0047472174375821378,-0.0033804816062064911
0.0052024865866680302,0.00088699817902219914,-0.0010096931102036161
0.011060915065410725,0.012562722427256675,0.02879233915730146
0.002462627505324692,-0.001758621499004292,-0.00030257350277680271
0.0046791337835994607,0.012280703851347576,0.01184718478771532
0.0044580947137491233,0.0011351842768454949,0.0020555865054642133
0.0010627342897856511,-0.0013705660943713861,0.00052013844591447284
0.0043931299111421287,0.007863638610996317,-0.011795114043000543
0.00098772767230479179,0.0017943442025543986,-0.0025906679956742978
0.0054883928237255313,0.010421717688455305,-0.016091033300388961
0.0012243275578324223,0.0024959218655264668,-0.0050730500758942969
0.0037401616699498349,-0.0039090047772458126,0.0022359316831771425
0.0020133013896647864,-0.0033291315450502635,0.0030043331088840859
0.15553082465404397,-0.087480400419184423,0.20086539459180286
0.0031660533472868176,-0.0017664813856207474,0.0012788951229734183
0.057117790371397428,-0.030967859944322742,-0.0044623741158611677
0.00076511924085558318,-0.0011070414665124038,0.00011703651631260082
3.192372143357991e-15,1.6949798783719433e-06,6.365683120034098e-05
9.1450485929688047e-16,4.0601229499073803e-06,0.00014828235569152174
0.00045359400810379897,-0.00012537246079969328,0.0010199314018646899
0.00041703816913854085,0.0009900739129216512,0.0015099509245476805
0.0020736901001769371,0.0001450407391477148,-0.0013956224490008998
3.4447291891848077e-15,-2.1689946415484617e-06,-7.8882106777666185e-05
0.0012069064707117333,0.0012684322092181256,-0.0019894182248755905
1.5965010355256054e-15,2.6490990222147659e-06,9.519914603926798e-05
0.0039610078300117727,0.0040644797777280774,-0.0064249666017386579
0.00037456042836036125,0.00021937956565224785,-0.0001645813024704112
0.0014130403972103869,0.0013533871897759172,-0.0011616412510276266
0.0045633515512344828,-0.0023879103763819799,-0.0021255947346182072
4.5763910370503497e-15,1.6969688817950813e-06,5.9521359784360448e-05
0.0069869309821025865,-0.0073705270666557026,0.00075100146010499279
4.9855227255874648e-15,3.6753429800038538e-07,6.2867354690665083e-06
1.1093423741349814e-15,1.507758135483648e-06,5.8233772720055575e-05
0.00089381805734187181,-0.0016058846283749436,0.00060242446791331698
0.021712222984609137,0.022505163851452948,-0.021521265553563117
1.7049924114204207e-15,4.1801103019784654e-06,0.00014271598460413996
0.0035411893712866249,-0.0038989141544695824,-0.00064253467259704213
0.0011292960930580488,-0.0025494207357764217,0.0014739628658623142
0.033095257161458294,-0.03355817717749783,0.010781682983979794
3.4649120187031085e-15,-7.017067383581794e-07,-2.5607264719324708e-05
0.0047759011594618109,0.0007168249524223218,-0.004871453890435049
0.0020515586204179503,0.0034425692880550307,-0.0046694368329560469
0.0192432225841686,0.029661204811890742,-0.03292926841998875
0.0022322427867480887,-0.0010061446599242028,-0.001940843877865663
0.0022322427867418069,-0.00099845896205044758,-0.0016560268682891657
0.0063298333078235357,0.010282606416699607,-0.0069315995836742653
0.0010627342897860028,-0.0013685996632218859,0.00059041117357109553
0.0048043178631437672,-0.0028582588339638492,-0.0011956588490320318
5.230593345639004e-15,1.1429422368312741e-06,3.2165340255794095e-05
0.011227474289693402,0.00070586637690676934,-0.01029117931238587
0.0022844441283532682,-0.00090052187059701163,-0.0016179107220662694
0.0017699987178715838,0.0047621104981418463,0.0045335960009022392
0.026909939775716353,0.047840001313608861,-0.089780250320967592
0.0013415362240729368,0.0024768643898924391,-0.0055438735032599879
0.0010822799378173149,0.0018374535824892979,-0.0021062490066907301
0.001275185013641998,0.0016390347068750855,-0.0011944294093775795
0.014247765485605943,-0.011592526047573997,0.0031934396222052272
0.0042349677015836229,0.0016599268057625677,0.003279203781205216
0.0015959954587186072,-0.0016230246611379838,0.0011244525013951992
0.00034635220128345108,0.00070108796598374089,-0.0028303998969209676
0.0024834939414331986,0.0048614374976665995,-0.0072429587153399737
0.0012094870088967837,0.0021904432471209711,0.00046048401207440939
0.001743447521250181,-0.0027380700560435301,0.0010199147979045515
0.0025739355371423361,-0.0014667599592468365,-0.00038955872648187951
3.9006871421631643e-15,9.1698152737174601e-07,2.5299000446851675e-05
0.0022001832093610477,-0.0013503867839440829,-0.00091221598786418083
0.016325146277484985,0.0019436853832969089,-0.017625064871531749
1.7539025749554242e-16,4.43872476341e-06,0.00016249267544689853
0.0017877573621766431,-0.0011509489911314451,1.8686337324013361e-05
0.0026888949987607033,-0.00051145289317137521,-0.0035760906724487157
0.034773438775186065,0.020624922198231817,-0.017542194961199822
0.0035774369180584182,-0.0045315979928032815,0.0011861337497084533
3.7746877763009223e-05,2.7209590179442802e-05,3.4151963952366996e-05
0.0023758104927749635,0.005856303214591338,0.0040340940516825517
5.5746675301894588e-05,7.6226993127323067e-05,-8.3886500573338286e-06
7.2277607093403695e-16,3.9964365102438143e-06,0.00014314784290940727
4.7927610684319796e-15,-1.8891789016962133e-06,-6.898655088095982e-05
0.0052653287017346952,0.0010605711857555257,-0.00062989286029756643
0.0052024865866681707,0.0008894441149307074,-0.00093044045664360329
0.0018960814185914555,-0.00038493715714135827,0.0042426872955440009
0.00089381805734404585,-0.0016110786434888236,0.00042642935238820648
0.0017410273045719274,-0.0027299816728656094,0.0010281783754372809
0.0024306153902494939,-0.0038468794732414826,0.001356756239879632
0.00098473642116607071,0.0016898495074596292,-0.0019155045994063307
1.8754595026578404e-15,3.702170852378974e-06,0.00012996442384785343
0.0058070065640644392,0.0022969958889619189,0.01201720445738929
0.00060744829093685069,0.0009273984453571282,-0.00031106442473910299
5.5374432474228203e-15,-3.8290878896015636e-06,-0.00014026092020930929
0.0022487963574321776,-0.00080302007142297874,-0.0016220703083518015
0.045458315336468415,0.035557877624829773,-0.018598091622631527
5.8823244089296196e-15,-6.4355842972646526e-07,-2.9255135858857544e-05
0.0055704007201386402,0.0026062328739190066,0.0026970656495604031
0.0031750887857769912,0.0028519231644680873,-0.0027741991352923196
0.0015994469474126256,-0.0032052956711046345,0.0015163535555131839
0.002196549192209797,-0.0010753693274522045,-0.001288052618118948
0.0023408748499881941,-0.001427104857246645,-0.00087443514792895089
0.059885803432922061,0.078595174027630221,-0.073321517143847229
7.0384460911704354e-16,1.0072072640816508e-06,4.2199632295996486e-05
0.00078894677509547381,0.0016182864249515299,0.0010285397172292443
0.011982585743471257,-0.0036252991843659281,0.0062539177889525009
0.0014620027921398346,0.0021786139189240716,-8.3591756884915318e-06
0.0016055823670548222,-0.0030923967411632378,0.0011884981819339304
0.00017254719098593556,0.001019287454896304,0.0032046625018254081
0.0026020831182471536,0.0032883864081016917,-0.00097089121290883519
0.00016965368472692292,0.00016016755022743115,-0.00021606860620477887
6.9734365661810011e-15,3.6802139420298246e-07,2.6857057864062633e-06
0.00038543989954445336,0.00025733479382592677,0.00091973216474175489
0.0022001832093632616,-0.0013521436660223296,-0.00097556331933652178
1.545654560998064e-15,-3.8508012010666857e-07,-1.2747285195268128e-05
6.5777889151088551e-15,-3.438150252980391e-06,-0.0001278924979872591
1.1022867489920628e-17,3.3648948955487905e-06,0.00012337634145500806
0.01047873424399093,-0.013325010847258342,0.0049638780163608291
0.00051570380265534785,-0.00035772147410357647,0.0016641668874755773
0.0022810888701648387,-0.0014010311182722569,-0.00052699918257119633
3.4365422273539834e-15,2.8029928721500371e-06,9.25224024608064e-05
0.0011283551872169279,0.0021062835005520686,-0.0025773317783480249
0.01322089183024024,-0.0014075631878477492,-0.0074499122871182375
0.0045890410513750928,-0.0039122027779422809,-0.002933639567221623
0.0020515586204176025,0.0034421644477727071,-0.0046815322854107813
2.0106221874607052e-15,2.614011107324824e-06,9.1956992801129906e-05
1.9742915278175782e-05,4.4152186095454666e-05,-2.0303502070085541e-05
0.0015561191248589039,-0.002200842698282825,-0.00093004317448079404
0.0045158964477547796,-0.0026032476067853485,-0.0015900113557414408
0.015135290834916899,0.0074998173128742202,-0.0058249669714253395
0.0051508332077051383,0.0048168635591537027,-0.010646968050205981
0.0021203949037427454,-0.0036382833745593145,0.0034348095246475212
0.0011526238520397543,0.0014545915182739926,-0.0012829181843885533
0.00057260471632318121,-0.00023841287710223412,0.0019049205884468701
6.0456760825904149e-15,-2.9395681107139869e-06,-0.00010700337769980938
0.026454329093136667,0.022008938796213077,0.010219112930147434
0.00051570380265386075,-0.00035474561734722738,0.0017768552400292466
0.0073380341540507463,-0.0091036343320206169,0.0028696941151680924
1.9742915277420615e-05,4.3939846393792971e-05,-2.2457125449250701e-05
0.0064885051503053865,-0.0033257342088651889,0.0070899324678825653
0.0005615538954178846,0.0020384765671377851,0.0027369215389294499
0.0011526238520410395,0.001454852711015671,-0.0012795754470384022
0.0014676897282510863,-0.0025626318874060541,0.0023689766625262926
0.00090867111011998431,-0.0015642917788361642,0.00046235558327325252
0.0017209602446729806,0.002951803208072461,-0.0033307545086337922
4.9249141108821144e-15,-6.7586204007016917e-07,-2.6422849893202953e-05
4.4854188537853447e-15,-1.9433330697164921e-06,-7.4158640134577877e-05
0.0038756901850502384,0.012564106959016545,0.03107609071587868
6.0542411595183295e-15,-3.531666334323595e-06,-0.00012780986485384535
0.00067611538620079479,-0.0010810949830664419,0.00067240383929325297
0.0020605307535121794,-0.0035607891428329382,0.0034109308574573989
0.0001728822588840682,0.001023082225053516,0.0033104118673707847
0.00503526377726076,-0.0079868834933838409,0.0060257662366954351
0.0068378448669655706,-0.00083204024585053387,-0.0049029426890274839
0.0064234952996773398,0.0055587694449221493,-0.0049344971351898432
5.0056157333053574e-15,-2.9286071956290729e-06,-0.00010650432936631952
0.0038762694565932106,4.5959336121324809e-05,-0.0027116601175415649
0.0014121418182958347,-0.002924429784149312,0.00082126532903867701
0.0071956336309581702,0.0058267747637188441,-0.0029881817577014744
0.0018798335895731139,-0.0033162358906179447,0.0031378218828116223
0.0015506724997446152,-0.0030585303611303321,0.0014450898535978474
0.0024545233651662264,0.0044094519525295882,-0.0023518072705445217
0.0029463748296498968,0.0080839634510690549,0.0089555449430443398
0.0019253320643916425,-0.0028697358988196372,0.0024381925795835895
0.0013384302309697306,-0.0027336257896431594,0.00084596314683051664
0.0034974361953645275,0.00093064008941534757,-0.0014701241040454747
0.0019451465511620238,0.0034831627444553083,-0.0048481788743787082
0.0052953232541716544,-0.00054677355011814252,-0.0037569204000842231
0.00083071660303191196,0.0012505413037449838,-0.0027686772878437568
0.0025186941129838459,0.0047435872443523548,-0.0035129843934584982
0.0079385980563687585,0.02163255577341841,0.035854619462385412
0.0023357993101798288,-0.0011194413861792527,-0.001564441409829122
0.0076506274116747491,-0.0010988529019330382,-0.0014450728969937524
0.010959855539322799,0.019628568370117401,-0.022481286601558549
0.0047206647643771305,-0.0032673083289483638,-0.0010402606166552931
9.8039462885691284e-16,1.7776796146910153e-06,6.5195931026214946e-05
0.0052561160983209494,0.014148760808929675,0.014353847400085435
0.00012971337997940449,0.00019739586381447834,-5.4803382745562082e-05
0.0012596538785855625,-0.002560555035581921,0.00050389333481074331
0.0098355972800371876,0.0055354958563114069,-0.010317544533658789
0.0077032674613309992,-0.0035782531662582771,-0.00096494470071688471
0.0029146252807977229,-0.0055022630703705526,0.0042537872128170211
3.2982016723762474e-15,8.5150102661968246e-07,2.7126899257436935e-05
3.1835789777120846e-15,-1.4153992569519749e-06,-5.4457962973418383e-05
5.758799270582934e-15,-1.7575535894905909e-06,-7.0654918264866494e-05
0.41993370722449735,-0.42671246706999066,0.070480985862936982
0.037912401350544939,0.040775609337122806,-0.023734909549462703
0.00052070630192329313,-0.00037259285876854649,0.0018374722545849034
0.0039039355729589471,-0.00072133475137681267,-0.0020646480686755493
5.1975372022095009e-15,7.1666351697239918e-07,1.7763610097588046e-05
0.0023292514556060876,-0.0013405567136683509,-0.0012647180506451163
0.0031030568532332079,0.00029552785043958135,-0.0031336918024126247
0.0041660701334499672,0.0021735189340312631,-0.0065303416397848252
0.0012961795448017163,-0.0026245146333123818,0.00052344760543584395
0.18239135683745736,0.32719175767333591,0.2775823670258315
0.025645127494741942,0.010606746812112284,0.0032356720017986751
0.00027658213439741869,0.00029529163399300874,-0.0013806543667386159
6.148917498508616e-15,-2.242197177210625e-06,-7.8829203282508001e-05
0.0014455704380692672,0.0019594199223808804,0.000625266969591735
5.8489867764017658e-16,4.5903047376534635e-06,0.00016538884282265784
0.0022558830624884851,0.0026586887238524027,-0.0012425124318011201
0.00091830515014162852,0.0012822178291821767,-0.0026609398722064336
0.0068649835018766122,-0.0034194797786673589,-0.0013078660815559759
0.10236442530266564,0.10446991734369732,-0.2379485986730121
0.012410359731352022,-0.0016043623445430688,-0.0056875824341241473
0.0022001832093625335,-0.0013511499485282501,-0.00093821168743972851
2.84201856438712e-15,3.1068063043226806e-06,0.00011254848989577131
0.0047298520781744804,-0.0048368876107855964,-0.00013726280896742563
0.0019982180817754774,0.0020057592455195745,-0.00092847615603074824
2.6725487605689413e-05,-1.3135428402011299e-05,-9.6470637097753544e-05
0.0032232123818356022,0.0003540376577255082,0.0042372841160958716
0.0022890026886772281,0.003764964931012678,-0.00099607506281623476
1.7765676170099691e-15,1.7716743971064643e-06,6.5770423426233653e-05
0.00096992669264749348,0.0017128754763270475,-0.0019612668072392578
6.7826404156998315e-16,1.2231287876992205e-06,4.5794948395553946e-05
0.0031030568532361929,0.0002937447688898225,-0.0032039106625417597
0.0024834939414337173,0.0048600601722651035,-0.0072859298206878163
6.9027794218297872e-15,-1.4338187812375514e-06,-6.2064070548611136e-05
3.8847308413699336e-15,-6.7223317713952598e-07,-2.1707965031579954e-05
1.9903918567054141e-16,1.490534567084437e-06,6.2222028118353567e-05
2.1103923297054523e-15,-1.1612426916276859e-06,-3.6859362445337382e-05
0.0065174809472405802,-0.0043254619642610842,-3.7493961824574867e-06
0.050918544469678834,0.12937860866646256,0.22480698957630685
6.1889575171655336e-15,-3.8823984425734493e-06,-0.00013868005366916855
0.0012470091940013505,0.0024872043665129075,-0.00048964002318025845
1.2455114069948856e-15,-3.3057822397814623e-07,-2.146604058364217e-06
0.023943599849012748,0.055335909372972059,0.11215968299951048
0.0060274995224021011,0.0060210449975134847,-0.013833323990130996
