9,6,6,2
-68.62340679266805,-4.4171006805807131,30.142459424894252,10.959136524037918,-15.286210446024826,-20.205085729628362
62.461730235215427,5.1389880895252604,-38.171643258207851,-11.668274311482932,19.452433031664278,36.550678128749958
50.300919942308383,-3.9285568377994702,-49.554526538938269,13.504046357835239,35.253016406225107,2.3379063480650797
-2.0910957185189383,-15.154666266479854,-6.8559777709787344,-11.458796431844068,-33.875981870105718,-8.1293380463960734
10.638714903264681,16.310319483795979,15.97055116916883,10.44318320752128,37.818805246095323,12.219136122237932
1.2316038366922415,-2.0135580882901007,35.950857106279138,-3.776294995062921,0.96547543373605915,2.9637770983910374
-0.49232033777943407,0.65795268169236198,31.93044255840304,-2.0871832277928735,1.0655274020070655,92.180897970823622
-3.9134848792946872,-3.1721770603663328,18.906116902176205,7.2892877641315161,-1.569907075338987,6.0932143239480805
-46.317974657478601,-26.025917848988861,6.7887544252681291,10.160745579869475,-44.950903630864033,-52.88126633890586
5.1314745209773305,4.467670589866807
24.450704062379096,25.781954288759032
1.4821813210343247,1.1839413332831983
12.990374099498736,10.835521488433441
-3.6140223717510729,-4.274207408395351
1.010940373432476,1.6449569439848264
